10
14
3
3
-0.014267024
-0.032067683
-0.07371463
0.03938861
0.07365632
-0.25297874
0.05262985
-0.20047596
-0.27627164
-0.35625884
0.076338716
-0.009934053
-0.20723721
0.02522472
0.045500793
0.19719888
-0.0028657303
0.06957694
0.14799531
0.047976475
0.075386405
-0.10476552
0.037133027
-0.052597817
0.13162206
0.09202946
-0.018594095
-0.13849188
-0.03313022
-0.23315296
0.014581108
-0.30989897
-0.015584527
-0.0068933093
-0.08384473
-0.105474904
-0.21281701
0.10226842
-0.09644985
-0.14811991
-0.30530044
-0.038325917
-0.037848577
-0.22732781
-0.060638458
-0.11357769
0.03475723
0.013690093
-0.0020432433
0.09754632
-0.24489939
0.0027252403
0.06551113
-0.18082084
-0.19234332
0.19375935
0.041018587
-0.2166335
-0.25120926
-0.16738059
0.09845637
-0.47909802
-0.13121752
-0.18944527
-0.3913171
0.09115064
-0.25160804
-0.13154404
-0.03683484
-0.08851399
0.11966001
-0.11272422
0.17659898
-0.1969666
0.029069927
-0.03909628
-0.22410028
-0.1939505
0.09987871
0.17384107
-0.09836362
-0.07703843
-0.09455287
-0.012635029
0.16814132
0.033066332
0.01537577
-0.138413
0.03954569
0.17937687
0.231798
0.3455378
0.0436728
-0.21104808
-0.22493848
0.10343328
-0.07755149
-0.1633637
0.12936617
0.14657706
0.029923243
-0.064823784
-0.06504028
0.036978405
0.0062965723
-0.121821836
0.018885285
0.20676437
0.14197375
0.29114196
-0.11442223
-0.077773295
-0.082330726
0.072666384
-0.22196233
-0.11487441
0.06942463
0.23110883
0.09330688
-0.023669986
0.001150083
0.10119359
0.14650893
0.094504006
-0.044546887
0.17540328
-0.11856898
0.1275862
0.14344479
-0.021086795
-0.15456627
-0.09614891
0.15807746
-0.08751651
-0.12831217
-0.25280035
0.031513758
0.062317465
-0.2304252
-0.16547544
0.001943486
0.13179702
0.1895011
-0.0284022
0.13195333
0.11152194
-0.015107813
-0.069381766
0.06153497
-0.05810635
-0.0120123755
0.083891526
0.09596358
0.12133385
-0.15572713
-0.1557062
0.20026684
-0.06972551
-0.10770017
0.24992202
0.05938431
-0.047514252
-0.03631867
-0.079212874
-0.09994048
-0.24051034
-0.20585097
-0.20132157
-0.19155315
-0.21184333
-0.15843084
-0.09421353
-0.09970116
0.01291215
0.2437097
0.17769875
-0.15909557
0.064980395
0.07265529
-0.0368345
0.13596557
0.05860041
0.23403634
0.051464688
-0.065718725
-0.12311374
0.08616698
-0.22362961
-0.3454858
-0.06158978
-0.08156412
0.17265174
0.008077321
-0.024557265
-0.04435726
0.33286762
0.07268134
-0.06849114
0.18619376
-0.089426145
0.00033626286
0.0034546824
-0.11298616
-0.3176252
0.0065101394
0.33978873
-0.009016558
-0.13585058
0.19871077
0.21179524
0.18313774
0.075748615
-0.0031472673
0.03714817
0.050570387
0.11927662
0.19727911
0.4012389
0.10852971
-0.06000359
-0.022731844
-0.041754857
-0.28003272
-0.24846713
0.129658
0.18525884
0.25655213
0.21659656
-0.10226805
0.1557509
-0.09200723
-0.108877316
0.003463519
0.01981371
0.07670583
0.08792089
-0.053802
0.049776968
0.09947989
0.020499501
-0.1251497
-0.20511305
0.08273804
0.11561943
0.12606236
0.16051409
0.030361302
0.015485111
0.10123651
0.15066706
0.12887596
0.07331524
0.0819783
0.15316492
0.12566333
-0.16337718
0.14202362
-0.014962425
0.023719277
0.20801125
0.024102245
0.32904947
0.08921375
0.01247776
-0.071044095
0.08261832
-0.12387679
0.27554885
0.16142373
-0.1111166
0.1366885
0.15675932
0.0057707713
-0.07409633
-0.07908485
-0.15465772
0.098649085
-0.16958763
0.015069235
-0.11840624
-0.11201761
0.23821545
-0.34899133
0.0917521
0.17188531
-0.27430674
0.006514887
0.2051723
0.32598042
0.38080305
0.1962204
0.056925975
0.08333535
0.27177358
0.22606322
0.27877146
0.42274308
-0.077527195
-0.042147517
0.10600894
-0.10204552
0.1277889
0.11381786
-0.10140901
-0.02918047
0.098420225
-0.07935517
0.210929
0.11798147
-0.06571791
0.07426931
0.095970884
0.077174515
0.06679204
-0.027459377
0.02959257
-0.14185
0.16324586
-0.14811343
0.025039159
0.18297103
-0.13932727
0.16058888
0.10475829
-0.062327046
0.2905472
0.3536161
-0.15624298
-0.06863659
0.117708415
0.100854754
0.17320776
0.22498904
-0.288396
0.081682816
0.17727642
-0.09698034
0.102754354
0.09652735
-0.06864975
0.08581383
0.12234824
0.23470709
0.11534963
0.08928365
-0.015494929
0.009368674
-0.08048508
-0.06755846
-0.4386991
0.102618836
-0.017073376
0.15790375
0.102355845
0.008557118
0.04867423
-0.13342904
-0.015172185
-0.09141114
-0.03410496
0.03063481
0.18112685
0.01997181
-0.17764668
0.009609688
0.029822057
-0.018969748
0.028293826
-0.12848467
-0.38230816
-0.32707453
-0.36607262
-0.32439953
-0.219122
-0.21263036
-0.24796338
-0.16835335
-0.14012471
-0.30082673
-0.037293684
0.3317198
-0.064351745
0.14975122
0.24696393
0.18847987
0.124768294
0.17483497
0.3400259
-0.21692485
0.2739685
-0.006443818
-0.03924355
0.13685125
-0.09727505
-0.088357925
0.13575937
-0.039742026
0.1546594
0.28324032
0.09253774
-0.13392796
0.05523457
-0.019430095
-0.10710667
-0.028392987
0.27696705
-0.22295171
-0.059536766
0.1273695
0.09676654
-0.08411373
-0.021928722
-0.15596457
-0.032761626
0.012365937
-0.1001213
0.20402409
-0.08074069
0.058999863
-0.02726569
-0.15064514
0.10906471
-0.1561613
-0.053747628
-0.18924609
0.37453142
-0.45243552
0.030174676
0.5028335
-0.27224368
-0.11801136
0.18222994
-0.088793695
0.077168144
0.16729535
-0.016776342
0.09603312
0.23983918
0.10944933
0.34453157
0.12864737
0.52009845
0.30465913
-0.103789955
0.3214422
0.11708453
-0.02970304
-0.20309097
0.22988746
0.18285902
0.08385376
0.35148284
0.16624726
-0.039969053
0.25791234
-0.004509336
0.15389112
0.19389537
0.31618175
-0.31834584
-0.25818902
0.24004166
-0.4434311
0.07031777
0.31462958
-0.17160666
0.20244318
0.07798174
-0.07893052
-0.053553432
0.23343778
0.17985506
-0.04315968
-0.17532755
0.54821044
0.089107126
-0.25895217
-0.17064853
-0.15555605
0.20613976
0.052951805
0.015074449
0.07807066
0.121807724
0.028950952
-0.24658805
-0.012833565
-0.34204
0.08874682
0.0065798145
-0.21716228
-0.12240652
0.27660346
0.072661735
-0.10411233
0.16392174
0.030345822
0.19239424
0.21473414
0.050407097
0.13072851
0.10940491
0.08274869
0.07322102
-0.1797517
0.07762773
0.112856746
-0.23234639
0.06865
0.13357423
-0.19923872
-0.0998097
-0.33872062
0.29216295
-0.022520712
-0.01157281
-0.2968198
-0.33752096
-0.13110748
0.31389654
0.36116314
-0.2039195
0.035559095
0.16422619
0.12154104
-0.12059705
-0.13633129
-0.16499749
-0.13562427
-0.052433778
-0.0056566964
-0.11261594
0.0074450993
0.2160073
-0.100057825
0.0658269
0.24263988
0.00056370423
-0.026929455
0.09956286
0.16848952
0.14440125
0.16165248
0.007913056
0.0957937
0.08014853
0.04347492
0.14968775
0.14093734
-0.2866714
-0.18190052
0.14839958
-0.18407673
0.08729217
0.11843067
0.0008740831
0.13318135
-0.1425123
0.09731399
0.23154697
0.17261893
-0.26254487
0.1657481
0.15705785
0.02117989
-0.02121536
-0.34821895
-0.03608181
-0.1978737
0.28065947
-0.40072542
-0.5609719
-0.012132894
-0.13891283
0.24101223
0.012991625
0.05794683
0.5159881
0.37710914
-0.0009931762
-0.29991487
-0.24413468
-0.15999566
0.08832241
0.08541815
-0.45481157
-0.11885928
0.068415694
-0.05049673
0.34529382
0.04938349
-0.17663464
0.07824348
-0.055471107
0.10619233
0.2975846
0.10168003
-0.22391541
0.022959827
-0.0264586
-0.5147998
-0.793738
-0.26084176
-0.19747709
-0.09824855
-0.08389525
0.004609593
0.0947246
0.020167153
-0.057345122
-0.2722068
-0.2007967
-0.031840004
0.20422634
-0.09382584
0.11966494
0.19124046
0.034928985
-0.07337798
-0.24185756
-0.2056124
-0.04223487
-0.2908128
-0.3781461
-0.18351889
-0.16707946
-0.13727944
-0.088366024
-0.25490636
-0.12781708
-0.16888304
0.21078037
0.027942572
-0.028596865
0.0032588767
-0.20699441
-0.04125743
-0.13716131
-0.28333035
-0.15946284
-0.030777914
-0.03664166
-0.19574675
-0.07720982
-0.100774616
0.08219738
0.04828205
0.057179064
0.16535513
0.10775718
-0.17577389
-0.069191486
-0.1486242
0.09705384
0.12057298
0.22345039
0.051305126
-0.096837394
0.1468744
0.076454684
0.208056
-0.037004154
0.054619726
0.01110418
-0.047875736
0.08953268
-0.01652899
0.10294681
0.09890806
-0.15393072
-0.13566795
-0.088395864
0.09406161
-0.10863354
0.17528017
-0.42179018
-0.025552578
-0.028771382
-0.11077251
0.15871963
-0.15775605
0.049720872
0.048999026
-0.1291427
-0.01740912
0.123966515
0.019298531
0.071093045
-0.16103019
-0.19351128
-0.09178024
-0.15263261
-0.43213084
-0.066124536
-0.43686375
-0.097949825
0.04896027
-0.2776748
-0.078723535
-0.02705897
0.16390756
-0.006355574
0.06635987
-0.017613852
-0.08005266
-0.12496585
-0.2848123
-0.3521765
0.004301615
0.16805191
0.008545987
-0.110518835
-0.11971607
0.040205378
0.1701296
0.13656528
0.039307877
-0.03608924
0.033916343
-0.15273143
-0.11480728
0.2625526
-0.08115235
-0.13474326
-0.20183052
-0.17488028
-0.16278307
-0.32997924
0.025362391
-0.14380337
0.20233238
0.077148005
0.08130287
0.06870709
-0.1398752
-0.047791205
-0.3628101
0.009921143
0.103336945
0.2431782
0.10201471
-0.23233478
-0.1564899
0.007479726
-0.03893025
-0.37070963
0.006868776
0.08863653
0.042391058
-0.03479427
-0.08882748
-0.057504192
-0.11932327
-0.08992841
-0.022122603
0.038930953
0.05224188
0.17458436
0.16164453
0.12835877
0.05359198
-0.10762678
0.11198246
0.03202566
-0.104885824
-0.36357683
-0.1679401
0.23628975
-0.14905475
0.039295614
-0.119308986
0.001927251
-0.18768561
0.16295493
-0.01682848
0.09745648
-0.07626781
0.035959728
0.1566212
0.08790288
0.02235103
0.17050017
0.049064968
0.19181524
-0.13413636
-0.16141953
0.18182132
0.015512155
-0.29180074
0.26966447
0.09750375
-0.105385624
0.08218589
-0.02692861
-0.029956512
0.053127214
-0.2609514
0.0021889715
-0.16854404
-0.2508612
-0.128007
-0.16266958
0.14723977
-0.15629381
0.2116473
0.27020815
-0.08995006
0.015967466
0.031892713
0.047797307
-0.11857336
0.2575253
0.20279793
0.17269228
-0.13761006
-0.043354977
0.02304422
-0.11346141
-0.24363713
-0.15308025
0.007489522
0.09101824
0.0748641
-0.13066284
0.057383474
0.13543688
0.081921086
0.053355794
-0.022070255
-0.047589302
-0.14721215
-0.13539611
-0.07150255
-0.15729962
-0.07735533
0.19040455
-0.09309845
0.059614267
0.19354364
-0.033621702
0.24136744
-0.08864172
-0.037610233
0.023702152
-0.07823996
0.18748096
-0.052973043
0.37165132
0.07646553
-0.039909407
-0.15918379
0.057072982
-0.11971306
0.0903948
0.24996
0.058951974
0.2652163
0.16724007
0.08186625
0.008031487
0.005174897
-0.0405707
0.13982764
0.16482972
0.0625152
0.25473002
-0.14603347
0.09326969
0.17967491
0.010213819
-0.04739006
-0.006956302
0.12882532
0.18753162
0.14286093
0.20683503
0.12911162
0.15333469
0.10046048
0.15961333
0.17486484
0.18353342
0.009670186
0.1072084
0.0015767487
0.13503751
0.103363365
-0.17011543
0.014042071
0.044111557
-0.4340341
-0.14364493
-0.024993466
0.13118006
-0.31560585
-0.10263596
0.063815676
0.008490217
0.24796125
-0.0022528549
0.0846664
0.15303485
-0.06318883
0.016088778
-0.21079725
-0.19234562
-0.15904866
0.16868986
0.056547936
0.0127854515
0.13091631
-0.12821113
0.10105373
-0.1001466
-0.23884949
-0.09817403
-0.14977348
0.009871176
0.012398078
-0.024181558
-0.070057936
-0.11340286
-0.07705692
-0.19663496
0.006843431
-0.14177233
-0.27775356
-0.22578909
0.047121607
0.109798744
0.009534919
0.38915533
-0.029837132
0.113087304
0.060822353
-0.10126928
-0.011218276
0.090959445
0.060652256
0.090153575
-0.0657102
-0.05678974
-0.072878376
-0.021458028
-0.3045054
-0.04103039
-0.03253067
0.044774327
-0.0068637165
-0.045197114
-0.035639975
0.04822724
0.11769489
0.12950552
0.062018234
0.09242916
-0.20402983
-0.08359774
-0.0141150635
-0.47371215
-0.049447943
0.3654991
0.08201069
-0.26253414
0.19324456
0.0075677875
-0.09925457
0.10631574
-0.26725498
-0.04462266
-0.05102925
-0.15967971
0.06611314
0.5843829
0.07868687
-0.12954697
-0.03691204
-0.20365137
-0.10026618
-0.3614448
0.08027074
-0.07228306
0.35376945
0.0780341
0.15913692
0.18360607
-0.04382793
-0.106928565
-0.31442192
-0.04507512
0.11550964
0.15413208
0.1336434
0.06907463
0.008532783
-0.047336124
-0.019939672
-0.26929092
-0.0149695575
0.12874651
-0.058404554
0.23567253
-0.06411345
0.021871598
0.16826195
0.036414396
0.19375862
-0.024181167
0.035353005
-0.041402787
0.39132747
0.1003769
0.3587392
0.46237043
0.2349971
0.05920639
0.062430575
0.6471793
0.21691719
0.12473118
-0.14994696
-0.34240153
0.058307655
0.109340094
0.38677505
0.12496856
0.025330096
0.19971497
0.3809744
-0.06231618
-0.3313169
-0.13836284
-0.14832774
-0.28709516
0.078781225
0.207932
0.11631967
0.1802167
-0.08358995
0.25859898
-0.026282858
0.055913568
-0.03460583
-0.000227024
-0.067345
0.27845925
0.16450612
0.107869714
0.26910695
0.23743367
0.051187467
0.11764794
0.1529194
-0.0062530236
-0.3261402
0.33077455
-0.4406121
0.0055852393
0.24187697
0.16983889
0.39665952
0.20298791
0.12535179
0.12610285
0.21148174
0.16486977
0.25616002
0.27887636
0.23536487
0.15515238
0.075085245
0.6305845
0.30686817
0.24777442
-0.07220657
-0.23956725
-0.15608431
-0.0030866861
0.36378536
0.33577645
0.13056204
0.4525608
0.49844605
0.043179438
0.027632656
-0.11908935
-0.019877914
-0.12482174
0.32042044
-0.38949525
-0.36150175
0.35023433
-0.22584796
0.409425
0.37907782
0.1263795
0.12035397
0.01073127
-0.02007692
0.39688587
0.36970168
0.07805865
0.36171672
-0.09601935
0.32688123
-0.17387672
-0.019300397
-0.20036408
-0.18126792
0.30887136
0.097356796
0.43646315
0.26958618
0.17483658
-0.038466167
-0.42209005
-0.12898214
-0.13367924
0.11673593
0.15087011
0.25491872
0.16524996
0.1822841
0.1501863
0.0419041
0.049758166
-0.08794895
0.0111831715
0.045134682
-0.025684675
0.20735472
0.006947555
-0.07185595
-0.10174189
0.11617431
0.11685971
-0.111660816
0.021151436
-0.06869306
-0.15246645
0.0850767
-0.11995566
-0.36270115
-0.21060939
0.07520949
0.23339121
-0.27846915
-0.13941956
-0.10404093
0.44024116
0.14922103
0.022411868
-0.021165876
0.25203803
0.051310427
-0.11275142
-0.1011
-0.15141457
-0.091374226
0.20493926
-0.07064487
-0.2907888
0.08016512
0.16856247
-0.09292155
-0.13917468
-0.14276935
0.09465149
0.10074772
0.07746866
0.04676301
0.1675808
-0.10137281
-0.19226421
-0.06360031
0.04263471
0.06707014
-0.30858326
0.021937886
-0.14321262
-0.0010630162
0.10807537
0.014887396
0.20033486
-0.09036633
-0.012529592
-0.050568298
-0.02858421
0.039726485
0.22633383
0.034214325
-0.12385984
-0.10381041
-0.04984799
-0.13124928
-0.42799428
-0.32866544
-0.3435767
-0.052760713
0.03930363
-0.15926208
-0.23257573
-0.04535375
0.035952095
0.029849255
0.04232636
-0.17372938
-0.21923265
0.15487471
-0.2327337
-0.44890895
-0.3049932
-0.056966405
0.12755269
0.04219076
-0.07640383
-0.09725733
-0.083769895
0.13769427
-0.096873716
-0.002403368
-0.108242735
-0.11140866
0.093600154
0.11302629
0.44245145
-0.028662654
-0.34853154
-0.1734966
0.09331083
-0.31890655
-0.20050007
0.124696806
0.16352558
0.18266481
-0.11562038
-0.20279633
-0.06843596
0.17116119
-0.40731883
-0.22193143
0.021486973
-0.06395018
0.26720035
-0.05969846
-0.1625857
0.14026968
0.10715106
-0.549886
-0.20720115
0.104541525
-0.12679614
-0.006534028
-0.052842155
-0.06257797
0.06276217
-0.24628116
-0.097966515
-0.15472303
-0.13024643
