6
10
3
3
-0.027800927
0.1827711
0.2750191
-0.02574325
0.18461645
0.29967695
-0.043302596
0.13614643
0.23340584
0.2219624
0.4494485
0.21879838
0.38551846
0.3115308
0.40580395
0.12722048
0.3182442
0.36341506
-0.17553669
-0.20307475
-0.21019739
-0.2591295
-0.13908336
-0.17494313
-0.29724014
-0.24063696
-0.3092137
0.6227562
0.6317958
0.35560936
0.52522504
0.56452864
0.21649389
0.5828948
0.47501317
0.17922576
-0.02741727
-0.08762199
-0.09438801
-0.045894723
-0.1459688
-0.15278965
-0.27191713
-0.2937692
-0.39187813
-0.0340716
-0.15244265
-0.13482194
0.1025998
0.028392907
0.08723796
0.09142871
-0.10332234
-0.12171963
0.13726279
0.33799064
0.34080976
0.083394766
0.39853102
0.28174797
0.35403907
0.34241992
0.3892444
0.10750635
0.3396145
0.42228565
0.22515713
0.4939821
0.40298855
0.10165765
0.42200902
0.17840128
0.26262102
0.39770505
0.20715594
0.36547565
0.17971131
-0.002844197
0.07904147
0.12222936
-0.015884856
-0.12206184
-0.049771674
0.06727108
-0.23548415
0.06599565
0.19199006
-0.2669719
-0.16766728
0.06599442
-0.21500729
-0.13503623
-0.18735914
-0.068008155
0.09053601
-0.07659882
-0.14878969
-0.08987457
-0.15367465
-0.102276064
-0.14608286
-0.09274926
-0.12953997
-0.24871168
-0.06289881
-0.1094609
-0.14920156
-0.09593723
0.3738643
0.26403916
0.40390337
0.41509998
0.4806914
0.43844047
0.32181174
0.50419843
0.38230947
0.23365198
0.28777483
0.29443413
0.32924512
0.12958999
0.07640336
0.10316169
0.0733868
0.18886106
0.32472214
0.532227
0.4344764
0.31112763
0.4705684
0.51790357
0.25049382
0.32514477
0.26192054
-0.07498201
-0.06390196
-0.021448554
-0.06996301
0.11249437
0.31677136
-0.045754135
0.12624145
0.081606194
-0.0006583687
-0.19819137
-0.17293614
-0.124975115
-0.20329455
-0.12773025
-0.19819783
-0.024943752
-0.03900682
-0.35960263
-0.13514912
-0.02246279
-0.21208595
0.00476358
0.07800037
-0.24356967
-0.15851305
0.0031867444
0.44853014
0.4136059
0.58104545
0.43724507
0.50686264
0.38046077
0.31512573
0.113001876
0.26750454
-0.021095572
0.27194163
0.45880726
0.30389473
0.4324336
0.505242
-0.16604029
0.12342117
0.22919303
-0.08289353
0.09470053
0.057446964
0.051067036
0.39293656
0.057434518
0.093033694
0.15458882
0.11605383
0.18137965
0.14216825
0.24213022
0.00011634681
0.22951855
0.22295837
0.073695585
-0.12209297
0.024689207
0.042179044
0.1896166
0.087445214
-0.09950384
-0.021820465
0.1592355
-0.015505105
0.04922981
-0.07550224
0.13346872
-0.15698296
-0.36027405
0.049322065
-0.13570096
-0.47923088
0.030028515
-0.034411322
-0.09589931
0.42506704
0.5626131
0.24420722
0.09691521
0.23197518
0.1341537
-0.21614294
-0.21890241
-0.011514113
0.32061446
0.4500061
0.2986311
0.3327916
0.41233826
0.08657937
0.06543417
0.1600287
-0.08213332
-0.02749806
0.04562709
0.072629556
-0.012406825
0.038275328
-0.015318675
0.09363196
0.07698191
0.17611514
0.16971648
0.32893023
0.15625419
0.3736356
0.3460628
-0.07746354
0.1123259
-0.1539137
-0.250625
0.12513351
-0.025757141
0.1124307
0.030190049
-0.35069683
-0.19865063
-0.1893844
-0.35372767
-0.35992098
0.23369838
0.33957446
0.33242908
-0.0053317957
0.2752209
0.45142072
-0.32393745
0.06529099
0.16813858
0.03633992
0.085468255
0.30101112
0.07008267
-0.0066556004
0.21406984
-0.21749942
-0.062147275
0.05703832
0.013141812
0.053516302
0.14781167
-0.082510605
-0.017214445
0.26804757
-0.027999131
-0.28805438
-0.01772639
0.07172218
0.22851944
0.15176594
0.22486617
0.15063933
0.18867625
0.082363114
-0.01681552
-0.009053885
0.20893507
0.057869516
-0.4779613
0.140627
-0.11333287
-0.31070185
0.017827341
-0.17956366
-0.41260928
0.30744278
0.49718603
0.31987485
0.17079978
0.3184318
0.09606871
-0.09177041
-0.2109555
-0.058732517
0.29712096
0.6287398
0.36870044
0.36922953
0.54416895
0.40596098
0.03251046
0.05719093
-0.16378197
-0.09529602
-0.16082701
0.23896778
-0.12252542
0.13156068
0.091514535
-0.014926576
-0.023831813
-0.07609389
0.06432026
0.5086364
0.22832556
0.29376903
0.41633493
-0.164902
-0.12251949
-0.23505834
-0.32748318
0.314467
0.19223273
-0.033452876
0.09888034
-0.15331791
-0.2784545
-0.25527054
-0.26225972
-0.110226594
0.10889537
0.4673256
0.5351084
-0.24162218
0.21746673
0.46505135
-0.5001848
-0.098868586
0.05452254
-0.3280487
-0.3727661
-0.24443127
-0.4514223
-0.44791868
-0.2135559
-0.2841004
-0.2843289
-0.1959925
-0.26449203
-0.38699892
-0.058914326
-0.30281815
-0.3369074
0.0011576908
-0.29719815
-0.33244163
-0.0889629
0.26153177
0.08269462
0.42451903
0.19634758
0.33182606
0.30747172
0.23853916
0.20136066
0.32102874
0.5781211
0.7262312
0.57754964
0.3265634
0.66842055
0.74741644
0.5190969
0.644792
0.5918645
-0.14305203
0.11208343
0.2862497
-0.16602059
0.24721819
0.37846625
0.06653474
0.12180391
0.17292427
-0.57021743
-0.4477389
0.097130686
-0.6182816
-0.3414549
-0.011922829
-0.242193
-0.36594334
0.14364804
0.036377233
-0.18044722
-0.14206126
-0.32556772
-0.3319962
0.008649858
-0.08607512
-0.30990198
0.018458726
-0.69376945
-0.4957651
0.22223128
-0.7212637
-0.38979706
0.22875062
-0.39371848
-0.17291372
0.1594226
0.43228957
0.5008898
0.52066976
0.68164045
0.6672662
0.5265327
0.5153952
0.7344788
0.46016276
-0.5147429
-0.5218601
0.2001354
-0.76448214
-0.86920375
0.08003584
-0.5330684
-0.57945275
0.08422205
-0.01989065
0.25693956
0.289249
0.19803336
0.26478764
0.30237848
-0.070311844
0.03615838
0.30023175
0.12158711
0.17352156
0.073188625
0.2864585
0.29551223
0.34335685
0.05254637
0.03668772
0.04743608
0.022487024
-0.04978159
0.18926778
0.0068722134
-0.05790064
0.038254894
-0.09350226
-0.06988237
0.08500144
0.3874155
0.11396397
-0.124024324
0.1884072
0.038548313
-0.14557399
0.21435508
0.006843921
-0.012020655
0.15240018
0.3619706
0.07350852
0.032722805
0.12812513
0.13114347
-0.24735387
-0.29467547
-0.24767593
0.1599856
0.2137421
0.1593012
0.14415681
0.35330015
0.1862386
0.20972079
0.115209036
-0.020094976
0.2611231
0.09833413
0.026314303
0.06578257
0.26319027
0.22800875
0.10487712
0.2556798
0.14038959
0.1892931
0.2508137
0.115745924
0.37692803
0.2518185
0.22838423
0.23215015
0.13393153
-0.21247388
0.24844886
0.33155042
0.343896
0.24708825
0.056975983
0.05373317
0.18865818
-0.09011818
-0.25127542
0.10608689
0.2621022
0.34457785
0.05042972
0.4786058
0.26478377
-0.41762093
0.054407652
-0.02726601
