3
6
5
5
0.22159433
0.1944564
0.38216174
0.29075715
0.12595415
0.3134433
0.41892955
0.3640434
0.23820475
0.07069334
0.25807345
0.46653616
0.41430727
0.12118769
0.0943808
0.44617614
0.34104657
0.34045252
0.30861738
0.04602489
0.25852814
0.36764196
0.38404518
0.31353396
0.182259
0.04039636
0.19471218
0.066601634
-0.04597314
-0.18113674
0.12989645
-0.038076043
0.094906084
-0.09866604
-0.12633501
-0.13608229
-0.021447638
-0.029774318
-0.10132426
-0.13062048
-0.11599614
-0.108504914
-0.18890037
-0.004394772
-0.16314349
0.104119234
-0.07339484
-0.1882543
-0.1333748
-0.15283616
-0.20646451
-0.022161452
0.115408815
0.008799353
-0.14321893
-0.026099565
0.038525302
0.22346805
0.47502592
0.19887204
0.25688985
0.33418375
0.42960542
0.26118088
0.34649882
-0.03857869
0.23662126
0.43481404
0.42999694
0.09726051
0.053130563
0.19732098
0.07720642
0.22036174
-0.042716287
-0.18225332
-0.18023749
-0.033410706
0.039216302
-0.23698604
-0.030598274
0.3545111
0.45520368
0.38513333
-0.082906485
0.24149105
0.42209512
0.5454379
0.5126969
0.21687396
0.36556396
0.5196324
0.58034813
0.28967115
0.26673916
0.22075169
0.24787633
0.36011007
0.18527213
-0.11781116
0.13187115
0.11121481
-0.0272569
0.0787154
-0.11431748
0.22227357
-0.026844814
-0.1114366
-0.2538994
-0.27299613
0.18403105
0.095654376
-0.029695429
-0.21223262
-0.270276
0.08611507
-0.0012940044
-0.17131056
-0.09157711
-0.3501364
0.17438897
0.13824432
-0.030987468
-0.05528542
-0.13413805
0.28016335
0.25301653
0.28082734
0.46260577
0.111326955
0.3506886
0.5893879
0.7444607
0.47496572
0.44067183
0.3651516
0.4967406
0.6440986
0.51684886
0.29646593
0.21576001
0.40669346
0.4196581
0.3446198
0.23195586
0.09341783
0.15892771
0.29080927
0.17884567
-0.11836737
0.2552805
0.18739381
0.027808167
0.2394004
0.13667348
0.1750663
0.31186795
0.21962893
0.2407772
0.058962297
0.17971878
0.40675637
0.3535336
0.09464535
0.067854166
0.00643645
0.284161
0.1837416
0.13704035
0.049037755
0.0445603
0.26092222
-0.07824811
0.17680748
-0.032106236
0.08140005
0.13040575
0.11351471
0.008039213
0.075196564
0.16568539
0.13671033
0.021897195
-0.09451126
0.089253455
0.07950696
0.006947933
0.1371303
0.030477842
-0.043021202
-0.0018623567
-0.055187512
-0.22938347
-0.099677585
-0.2697778
0.08706909
-0.1304936
-0.25076345
-0.16373354
-0.05324447
-0.09045812
0.42026296
0.52392596
0.4371055
0.45788366
0.40695727
0.6019311
0.7362773
0.814101
0.6374621
0.5022261
0.6717048
0.9109487
1.1157815
0.6947088
0.4161508
0.6777784
0.72929335
0.8859683
0.57831013
0.07608834
0.09736174
0.3339101
0.28483945
0.15354665
0.16115168
0.4915295
0.29623678
0.3368824
0.16489924
0.50676864
0.74271846
0.9255852
0.7339653
0.49455088
0.68873537
0.96337664
1.2619474
0.9373701
0.58085465
0.6797474
0.98904663
1.1331142
0.84530073
0.575317
0.52818424
0.6520173
0.63784176
0.5602633
0.08912905
0.08503245
0.23794118
-0.038808554
-0.12188969
-0.25932705
0.16076416
-0.059119035
-0.14666075
-0.14597301
-0.22893454
0.11953725
0.0566952
-0.13104515
-0.38988206
-0.47595066
0.23093395
0.05354427
-0.07937034
-0.25144464
-0.37485904
0.02796011
0.14034575
-0.02831563
-0.22150815
-0.20896983
0.07514523
0.33988547
0.6315618
0.6262135
0.14919506
0.4239585
0.67064595
0.71105474
0.66286314
0.34913462
0.36551777
0.63573307
0.84432197
0.646953
0.42809156
0.21646051
0.50645155
0.53636557
0.6695879
0.44118348
-0.012576228
0.0737741
0.28536046
0.1595139
0.016620275
-0.12868261
-0.21074128
-0.26912656
-0.056115095
-0.09847424
-0.009173627
-0.050320186
0.029041024
-0.17541935
0.011482783
-0.27199987
-0.19286719
-0.003104019
-0.09807638
-0.1824813
-0.31905743
-0.1639758
-0.33130333
-0.31827983
-0.14773381
-0.18169692
-0.25733125
-0.24809274
-0.2996403
-0.16077928
0.32452768
0.3101511
0.2636043
0.3348307
0.20083877
0.39683098
0.30413476
0.25268388
0.22669278
0.30376178
0.16925354
0.34395307
0.0858862
0.35382995
0.11889078
0.14793414
0.078327715
0.24453917
0.3368101
0.18355645
0.20090885
0.2736575
0.10939141
0.19127497
0.06435046
0.08115301
0.18763468
0.2995646
0.4766926
0.08154253
0.17339478
0.50161684
0.53297967
0.5901107
0.45659772
0.28729537
0.65982556
0.8207407
0.61293423
0.33521938
0.09628092
0.3977607
0.5949806
0.42808756
0.22309789
0.07066517
0.10066491
0.023500495
0.18326445
0.057726867
0.5568404
0.79627895
0.73547685
0.6437068
0.3937807
0.754505
0.9611637
1.2113777
1.064252
0.49867356
0.7175414
1.115064
1.3138384
1.235661
0.7659714
0.7947895
1.2330104
1.2074406
0.9561432
0.48099893
0.64703614
0.84040964
0.8677432
0.55741507
0.12565432
0.28200084
0.14976235
0.15441093
0.07458937
0.08847999
0.38443366
0.11087237
0.092430376
-0.0500827
-0.12197648
0.22871509
0.1393128
0.017153602
0.079311796
-0.10834097
0.13368507
0.24310806
0.13063113
-0.0290876
-0.09332711
0.11906503
0.18922369
0.13590355
-0.07845757
0.0631799
0.005580782
0.21617515
0.22705993
0.146183
0.090592526
0.29755235
0.29193166
0.36439604
0.41541207
0.20543218
0.23844829
0.24354322
0.5438607
0.33065283
0.27019173
0.056466527
0.13251595
0.09130197
0.10343085
0.07313327
-0.13697793
-0.11187454
-0.07667281
-0.18964915
-0.18544014
