60
-0.04801393
0.026142607
-0.25001568
0.045684565
-0.05869053
-0.13273972
0.035140876
0.28232887
0.239873
0.111947514
-0.15943487
0.067672744
0.15776807
-0.08199969
0.2890275
-0.054053344
0.0010985554
0.36193985
-0.043172248
0.0742693
-0.027572095
-0.00054679957
0.13370673
0.11473088
-0.152743
0.21496102
0.42197537
-0.05123753
0.008693583
-0.2656254
0.0026719437
0.049895454
0.10826712
0.14484143
-0.154463
0.18799174
0.148631
0.0488697
0.29945886
0.11316414
-0.112389416
0.20165125
0.23938224
0.25245237
0.31744838
0.051177986
-0.083266065
-0.16470826
0.1261962
0.0755862
0.015336847
0.12682171
0.16462319
-0.1602555
-0.1234283
0.19757605
0.12785932
-0.020156546
-0.1909959
-0.020888714
