60
15
-0.01788822
-0.05083796
0.014101961
-0.022903387
-0.015368046
-0.007821224
0.08783563
-0.060104825
-0.031430416
0.046471033
-0.013141383
-0.023052469
-0.0013452519
0.08752945
-0.0010146046
-0.17620511
-0.008799725
0.07258529
0.011395069
-0.047676783
-0.010701266
-0.04246692
0.080171585
0.023314694
0.019382853
-0.02544945
0.06301955
-0.04368993
0.0036201174
0.071492895
-0.04442379
0.05583074
0.058275916
0.05477471
-0.08079499
-0.0028874371
-0.02903241
-0.03832071
0.047350463
0.021937212
0.046192
-0.05159917
0.011053702
0.0065482263
-0.053938594
0.061641365
0.039453227
0.15929641
0.018631794
-0.031474426
-0.010232259
-0.09341094
0.027527688
-0.015827833
0.057748135
-0.020437872
-0.04091178
-0.015518297
-0.026566844
-0.035277393
0.07542046
0.0012417331
0.09746782
-0.034577828
-0.03530322
0.12343744
0.002967047
0.021801503
0.014360295
0.011576263
-0.02293836
-0.04224552
-0.053548083
0.036377177
-0.10073694
0.052634362
0.029178305
0.061153345
0.049037576
-0.08449282
0.09250337
0.004686096
0.01019164
0.0026222644
0.011523638
0.044366818
-0.044934914
-0.0028441672
-0.012581467
-0.050869104
0.0016142675
-0.021272266
-0.011933613
0.0027832827
0.0022776765
0.040077426
0.0030443606
-0.008440529
-0.011214434
-0.032949302
0.0635222
-0.085954875
0.08625915
-0.069096304
0.09085346
0.061574705
-0.09912451
0.04795286
0.02826034
-0.08149955
0.016359523
0.10018761
0.12276362
-0.08177949
-0.035109166
-0.029411726
-0.12377972
-0.03221778
-0.022641517
0.023437176
-0.007767479
-0.11708922
-0.011837906
-0.01835298
0.09054931
-0.048542403
0.08148779
0.058609102
-0.093094885
-0.05154628
-0.002450493
0.08472414
-0.014885633
0.11301225
-0.028365534
0.032844
-0.014405108
-0.030562699
0.122323826
-0.030244607
0.048757255
-0.029754732
0.03584853
-0.016563147
-0.007628267
0.012319187
0.0060984907
-0.00433041
-0.01748195
0.016382504
0.0074014603
-0.0026775019
-0.0014970439
0.0044121123
-0.0034079927
0.004551612
0.003491725
0.0004989367
0.00025920628
-0.0006749599
-0.0029447821
-0.004577642
-0.0026675437
0.0057770307
-0.0016782781
-0.04238836
0.14881939
-0.030446412
-0.026961336
-0.023586206
0.061697796
-0.0611569
0.014971735
0.10768405
-0.07856318
-0.02115115
-0.0027071624
0.07793708
-0.058916625
-0.005222351
0.00024314744
0.021624535
-0.032296304
-0.003359826
-0.07500056
0.035764318
0.018442528
0.063883744
0.02335012
-0.034844495
-0.014346208
-0.014186248
-0.0044572097
0.02840115
-0.021789648
-0.12027505
0.039706055
-0.015542759
-0.014671563
-0.106738314
0.047505036
0.07401635
-0.061436526
0.0014521055
-0.06559821
-0.029670695
-0.062295556
0.11974893
0.099346325
-0.10850521
-0.03693219
0.11094248
-0.030546954
-0.034018423
0.17206936
-0.1098749
0.07346339
0.10831313
0.11453933
-0.032679986
-0.09382128
0.09345798
-0.0875561
0.067085184
0.022181045
0.07112064
-0.019588677
0.11310194
-0.01850132
-0.034459125
0.0052333972
-0.024036301
-0.032050867
-0.045342658
0.08884226
0.014038173
0.08500954
-0.043556333
-0.03980157
-0.007893997
0.05532685
-0.008718353
-0.01378269
-0.006440378
0.006092387
-0.0068704127
-0.010489442
0.0024315931
-0.019562766
0.08006327
0.078711085
-0.06887028
0.019305296
-0.12616964
0.12946197
0.06693005
-0.050845068
-0.007983439
-0.009839788
-0.030674972
0.0010645894
-0.054328367
0.07313236
-0.029773556
-0.0124139665
-0.0069285957
0.10931494
-0.04353322
0.031384032
0.08947749
-0.0019464709
-0.051929776
0.08187225
0.11517278
-0.022481428
-0.07540372
0.041223556
-0.06066755
-0.012880823
0.046919294
0.060562633
-0.026327832
-0.042289566
0.06415439
0.034121968
-0.07340878
-0.038417224
0.012934924
-0.009258099
-0.043202423
-0.028578589
0.070243806
0.021242177
-0.024773661
0.00897775
0.04562272
-0.057551973
-0.043962568
0.079713866
0.049054246
-0.012265604
-0.046903588
0.14655885
-0.036785662
0.005051075
-0.0031548478
0.05583672
0.060010515
-0.049207002
0.025629735
-0.03928379
0.04424393
-0.005373434
-0.021410964
-0.03629396
0.009274214
-0.017805073
0.0014179656
0.024898486
-0.03310245
-0.0070893327
0.000757959
-0.019561982
-0.034514293
-0.024273567
0.13271002
-0.0623455
0.0621129
0.07763448
0.0112232175
-0.012854092
0.1667585
0.042892016
-0.010531461
-0.031845074
-0.044282872
0.08131989
0.08176485
-0.00212496
-0.029665163
-0.016657062
-0.07806362
-0.04365419
0.0077637667
0.0015125028
0.06976906
0.03845705
-0.045207538
-0.003983873
0.052119605
0.114812374
0.058770996
0.049001023
-0.08496649
-0.0880354
-0.02926881
0.031037
-0.041550573
-0.06254784
-0.028799012
-0.01984602
-0.041259192
-0.006265734
-0.036256686
-0.030556053
0.002648334
-0.03909444
-0.017533112
0.007126233
0.046034597
0.02169903
0.090368316
-0.01846035
-0.022160528
-0.04062374
0.03282875
-0.018833926
0.010547615
0.00085483067
0.07397237
-0.054659743
0.021002498
0.013195159
-0.026761338
-0.08363046
-0.045032017
0.04740021
-0.029664014
0.009435971
0.006777226
0.04723665
-0.019007105
-0.08295278
-0.052672636
0.040337738
-0.0009914575
-0.037430473
0.10766872
-0.04456541
-0.08371018
-0.03262054
0.03601022
0.06427922
-0.029737871
0.15348281
0.03278359
0.002319882
0.010104287
0.06424971
0.1318515
-0.054375235
0.13947892
-0.042856608
-0.065826446
-0.03158829
0.01897616
0.083119124
0.02818378
-0.011910172
-0.09118975
-0.002157626
-1.8796743e-06
-0.00016287151
0.0008918597
-5.3251864e-05
-4.7568206e-05
-0.00013246188
-0.00016174228
0.00034761606
0.0011634321
0.0025308346
-1.2104039e-05
0.003976614
0.001241415
0.0037653572
-0.025013922
-0.017587194
0.017581262
0.011810965
-0.017046308
0.043310646
-0.023010502
-0.025555218
0.002613244
0.019375896
0.13884932
-0.022064824
-0.006445202
-0.0025478513
-0.011116118
-0.013902913
0.1332022
-0.09228738
-0.0023768083
0.05485553
-0.012046969
0.10915033
0.005663987
0.0511141
-0.046531405
-0.03252732
0.042063776
0.0023842293
-0.05358131
-0.067171745
-0.027780704
-0.034653235
-0.0032373175
0.004787714
0.06884943
-0.03693642
-0.039816856
0.0034681994
-0.06408278
0.049205706
0.035720218
0.054984417
-0.10010916
0.05426123
0.068039685
0.0539417
-0.02108316
0.040237166
0.062649764
-0.024359642
-0.07950091
0.019727262
0.022767857
-0.02047309
0.11547278
-0.022345709
-0.029399311
-0.03224825
0.02343695
-0.015006859
-0.010869111
0.07732657
-0.023627901
-0.012150302
-0.04621098
-0.024531694
0.04140574
-0.0031906192
0.09538389
-0.030990893
-0.024656486
-0.04904187
-0.011651394
0.060678836
0.030196698
-2.871929e-08
8.351848e-08
9.928526e-10
3.1095695e-09
6.485104e-10
1.2333104e-12
3.7989648e-06
5.5340233e-06
-2.6811599e-17
4.3550642e-17
-3.9155295e-20
-1.9170407e-23
2.0055258e-24
-2.4387976e-13
-6.9887497e-22
0.016270258
-0.012707908
-0.018794246
0.043977108
-0.0025541969
-0.013976681
-0.005312151
-0.018388225
-0.029419858
0.043210212
0.011615697
-0.053152278
0.04307018
0.062984794
0.09290528
0.0045672166
-0.02665142
-0.04228385
0.080556855
0.046666283
0.01379551
0.022074038
-0.024608953
-0.054012164
-0.046658255
-0.08134957
-0.054963615
0.053679638
0.14269239
-0.019328926
-0.071990766
0.08507894
0.016867526
0.015152285
-0.05350152
0.08746943
-0.15870528
0.05583134
0.05672863
-0.010788075
-0.05283286
0.061586473
0.03615255
-0.10269275
-0.020664694
0.14954068
-0.0029523398
-0.07085259
-0.039373394
0.03819073
0.0048396736
-0.057975534
-0.03136795
-0.026686685
-0.062144786
-0.08356492
0.07617049
0.0031556117
0.024030972
0.039918315
0.022076784
-0.055261593
-0.01784055
-0.005562388
-0.045457214
-0.029874958
-0.033772346
-0.058188796
0.107073106
-0.011185801
0.077941455
0.018005267
-0.0020589533
0.08877019
0.07108597
-0.06421478
0.0509067
0.071020894
0.048711967
0.0069400957
-0.030909823
-0.052246284
-0.021446055
0.03073326
0.15959106
-0.041446194
0.011566056
-0.041076552
-0.0434582
-0.015477033
-0.031320807
-0.007372953
0.0010916416
-0.03219482
0.06532108
0.0068531167
-0.11304008
0.07453615
0.01792519
-0.039966192
-0.06519814
0.12573412
0.054761272
-0.055898175
0.039321937
0.036133997
-0.018659547
-0.022125559
-0.011428335
-0.07488322
0.004053418
-0.0556394
-0.022955181
0.07951861
0.022904014
-0.06412203
0.054555293
-0.058342114
0.07986541
0.04843377
0.063630976
-0.059226476
-0.041837387
-0.068271555
0.0014089103
-0.013413601
-0.011009722
0.0083260955
-0.052756783
0.086299464
0.048847497
0.04961743
0.04703079
0.054069046
0.036172833
0.0055346037
-0.009042819
-0.04122693
-0.049003206
0.06921109
-0.0132459365
0.026350694
0.024641298
-0.03172623
-0.034263488
-0.026226789
0.02035267
0.012824869
-0.04039214
0.08587169
0.10170109
0.014046214
-0.03178924
-0.057145733
-0.025212241
0.006972106
-0.069319375
-0.10401526
0.09617726
0.06149699
0.03410115
-0.064884074
0.05646824
0.054160196
-0.02480099
-0.043633882
-0.011443884
-0.074285574
0.1587469
0.109135725
0.031128531
-0.03839831
-0.07240982
0.03492476
-0.04736527
-0.002171105
-0.01367975
0.026036197
0.021715017
-0.010972047
0.032275446
-0.046801895
-0.016059656
0.03258269
0.03112076
0.044661693
-0.023039347
-0.021529166
-0.0076701636
-0.016556704
0.08775602
0.08278074
-0.046103127
-0.0016196097
-0.122106686
-0.0015667027
-0.027776198
0.0032589799
-0.0014082348
0.06279307
0.0010945823
0.0021714559
-0.045045465
-0.016686657
-0.0016302203
0.011977164
-0.00071164715
-0.004219976
0.003523712
0.021256633
-0.011589378
-0.06166115
-0.01917247
-0.020454898
-0.019034414
0.046776872
0.01716457
-0.019499179
-0.04334201
-0.07390182
0.021150872
0.058418587
0.10556343
0.053883623
-0.031713825
-0.004733271
-0.011098894
-0.0107011255
-0.0050452487
0.043264456
0.0016451647
-0.018780254
-0.028970981
0.012244501
0.00089313433
-0.035371576
0.06178708
0.0033777235
-0.0018880694
-0.0049434626
0.08678536
-0.118028894
-0.038444404
-0.06541732
-0.1373596
-0.060500257
-0.11038681
-0.03276525
0.08069428
0.0962136
0.106875926
0.06618224
0.08405387
0.058266774
0.085414045
-0.07867576
0.060329456
-0.055799194
-0.040004645
-0.027895842
-0.010901822
0.071749985
0.11336242
0.060775016
-0.037804693
0.024246456
-0.0074262726
-0.023799373
0.0091992915
0.07971868
-0.0025437148
-0.0354502
-0.023917265
-0.013431281
0.008618526
0.044018093
0.026351895
-0.033312
-0.004053255
-0.0031819
0.013165112
-0.013622171
0.0807249
-0.028675893
-0.0042971796
-0.07966737
0.07444296
0.067736916
-0.030630158
0.11738597
-0.08299494
0.101111986
-0.045135632
-0.031332374
0.01481729
-0.037438735
-0.018123165
-0.12483455
0.036034293
-0.07714
0.054713957
-0.09512382
-0.041326225
-0.038463976
-0.11624404
-0.037081752
-0.078792125
-0.07479448
0.104216546
0.09614907
0.00031853287
0.055336963
0.10112317
0.08728133
0.119157866
0.076782115
-0.10800355
0.009508905
0.10710661
0.081681766
0.13494442
-0.13435298
0.105382204
-0.034068972
-0.05520703
0.024934433
-0.03559873
0.049894728
0.0022404892
-0.038581222
0.0003188467
0.0018311923
-6.227216e-05
9.317015e-06
7.2108523e-06
-1.3958222e-06
0.0014969661
4.1659014e-06
0.00022678685
5.0086537e-06
0.00053153053
-1.3093703e-05
5.542309e-06
-0.0007471878
7.274786e-05
-0.0069810916
-0.027106678
0.014007163
0.0532678
-0.020471849
-0.004285195
-0.025767231
-0.058888633
-0.035120513
0.07714607
0.12018027
-0.08419526
0.10311738
-0.050861493
0.009825842
0.106079504
-0.008826544
-0.0069765653
0.01157547
-0.031159641
0.012281176
0.008515889
-0.034036536
-0.0008745474
-0.019314514
0.008922409
-0.018812623
-0.016679013
-0.008415961
-0.017245697
