3
6
5
5
0.20689544
0.44847357
0.42560947
0.5998041
0.42966986
0.3423985
0.73995095
0.8017257
0.59052324
0.23709348
0.41280544
0.8252582
0.6309278
0.7571721
0.49850982
0.44268838
0.5873666
0.6669142
0.7204938
0.28345415
0.13397026
0.31112993
0.62626815
0.44787487
0.10289293
0.7718325
0.7011744
0.62528497
0.5828904
0.3528987
0.5475256
0.55126077
0.34110007
0.23227064
0.19671486
0.5106202
0.22606757
-0.04339171
-0.27144697
-0.13213629
0.28823522
0.079354785
-0.22068067
-0.12881067
-0.16567014
0.6111112
0.31242153
0.05411558
0.028878517
0.21433395
0.02228495
-0.014199127
2.6782654e-06
-0.18944575
-0.01802374
0.23142023
0.15576957
0.14089063
0.02361719
0.0022958198
0.107941926
0.19827637
0.1861547
0.053069197
0.091478914
0.21915552
0.3067833
0.15114117
0.2315236
-0.054467782
0.060281254
0.027729105
0.16260892
0.03546799
-0.14101726
-0.05438671
-0.036798567
-0.19172378
-0.2382715
-0.287878
-0.14706291
-0.16133977
0.108376585
-0.03626787
0.020256197
-0.08047911
0.09700173
0.19005106
-0.10181653
-0.08307013
0.019108199
-0.07610348
0.23150527
0.013561739
-0.04779626
-0.025854042
0.092154205
0.10277572
-0.026407752
-0.051807974
0.2288667
0.032272812
0.12527567
-0.02594891
-0.23125528
-0.02373422
0.20183335
-0.02962962
-0.21833865
-0.028799118
0.17474703
-0.113180175
0.092286676
-0.001064306
-0.059199244
0.22128655
-0.07803502
-0.090333104
-0.012989878
-0.09758208
0.021034934
0.08374192
-0.13189413
-0.2313958
-0.1908279
0.724416
1.2584072
1.4592195
1.0961329
0.46818534
1.270286
2.029077
2.0310555
1.8918325
0.8889651
1.5535923
2.1118584
2.468991
2.0490184
1.0429647
1.0931839
1.6163855
1.6673514
1.5201637
0.545013
0.13134827
0.62876314
0.74886423
0.30714643
-0.16918103
0.47256336
0.77326137
0.7796664
0.38003746
0.25341114
0.5672435
0.8445074
0.76352745
0.62890863
0.35666883
0.5090593
0.90100735
0.99541956
0.6528382
0.4870656
0.57355714
0.73044044
0.81423
0.7284157
0.33234087
0.37558198
0.4907558
0.5410122
0.45396057
0.17943299
0.3985004
0.3622766
0.16830447
0.24773386
0.35114583
0.25195628
0.07294327
-0.36561945
-0.32111415
-0.07915518
0.037470408
-0.66756934
-1.332725
-1.2726872
-1.1515882
0.103216425
-0.63394594
-1.4760078
-1.6622279
-1.4116656
0.119669355
-0.44823316
-1.1137655
-1.1354923
-0.84759766
-0.23202136
-0.036526415
-0.10386855
-0.08904937
-0.35493928
-0.28545693
0.14393681
-0.006620616
-0.0041846493
-0.28385258
-0.016407494
0.2673998
0.15419093
0.17193031
-0.10703345
-0.0056154565
0.20068204
0.06683009
0.10857561
-0.13907926
-0.16503228
-0.071248166
-0.04734042
-0.062382895
-0.15146951
-0.054628436
-0.08492818
-0.12447198
-0.04737058
-0.23666161
-0.29116997
-0.18194929
-0.034162924
-0.03535064
-0.18695736
-0.11371924
-0.1178465
0.21193665
0.0248331
-0.17112878
-0.020587731
-0.07842595
-0.008290983
0.051468868
-0.086069115
-0.14581972
0.07838467
0.022601465
-0.0064094034
-0.23521304
-0.28676164
-0.4044872
-0.1882437
-0.29275304
-0.32347736
-0.18749689
-0.19611385
-0.14251623
-0.2896391
-0.07668168
-0.19692186
-0.14873101
-0.17392159
-0.0713311
-0.22467038
-0.22368447
-0.25453278
-0.07215418
-0.15849905
-0.27452892
-0.3272799
-0.35709846
-0.18328027
-0.11592541
-0.25920546
0.53355855
0.7006449
0.8855852
0.78837276
-0.10809404
0.78366697
1.4925681
1.5583296
1.3839257
0.43385923
0.98012775
1.7526884
1.9225234
1.5121657
0.64689195
0.43266568
1.159776
1.3899189
1.046281
0.3240061
-0.2803361
0.270799
0.40067473
0.16784574
-0.16542856
-0.14081469
0.2104197
0.16729023
-0.06228742
-0.1255954
-0.063961394
0.19764403
0.3817064
0.2270578
-0.11685173
0.014983371
0.39934784
0.42246413
0.17751125
-0.008322667
-0.021725357
0.17700902
0.3098399
0.2554763
0.088252164
-0.23838608
-0.00911985
0.09644994
0.25419635
-0.1225034
0.32965022
0.24601868
0.04160352
-0.11063065
0.1416678
0.19441171
-0.25203785
-0.56574476
-0.54472184
-0.373864
0.051679697
-0.69262207
-1.3468248
-1.5039796
-1.062756
0.07512041
-0.8979506
-1.6379915
-1.7379463
-1.3850765
0.32671562
-0.38240004
-1.2529935
-1.445782
-1.1154447
0.27502432
0.39521903
0.49107853
0.5692304
0.31223032
0.25715882
0.43632478
0.5803807
0.6658157
0.31433463
0.36310968
0.54584706
0.6012476
0.56295234
0.44623125
0.27740747
0.45293924
0.43350124
0.47657707
0.22939831
0.24432608
0.17666118
0.40939716
0.3287212
0.21438801
0.4313177
0.3854411
0.47731423
0.5598802
0.45391068
0.30165705
0.5114323
0.4976548
0.5361654
0.35180575
0.11635902
0.4782176
0.5747888
0.5640739
0.4153563
0.11947277
0.3679977
0.5989409
0.59578
0.40678734
0.3039986
0.30859745
0.5383966
0.5190198
0.4778815
0.3981325
0.22885124
0.20174308
0.29848203
0.36867422
0.16729978
0.24925017
0.2810864
0.37315294
0.21381456
0.07856235
0.1287762
0.16366963
0.22425038
0.3997317
0.12383715
0.32272425
0.14076605
0.33777237
0.32280397
0.1025518
0.086459585
0.25535527
0.023843141
0.23876588
0.3031564
0.7748154
0.82431716
0.6278331
-0.059183564
0.38537034
1.0158834
1.0270025
0.9859373
0.36955792
0.5160625
1.0339162
1.3729002
0.9053515
0.35613862
0.2028659
0.981221
1.015099
0.5886249
0.017629659
-0.4917015
0.17029905
0.43279424
0.18421571
-0.087587565
