6
10
3
3
0.09651661
0.048563033
-0.111920685
0.02306584
-0.060019802
-0.2454895
-0.24058141
-0.20445035
-0.021868618
-0.08683698
-0.16720545
-0.2694317
-0.10640466
-0.02227334
-0.1498307
-0.14504589
-0.20093897
-0.14252894
-0.46452186
-0.17820439
-0.068805024
0.15770619
0.18818694
0.016295636
0.067387134
0.067901686
0.003264897
-0.017156506
0.048129875
-0.39037436
-0.07577522
-0.5155633
-1.1336969
0.027385384
-0.7397056
-1.5513791
-0.7751309
-0.29305968
0.091510445
-1.8836062
-0.5868991
-0.09223457
-1.8674252
-0.68448037
0.2615217
-0.22183636
0.13444665
0.23000403
-0.15883064
0.45988202
0.34572893
-0.19864465
0.024881171
0.18317439
0.48141107
0.41406283
0.011633752
0.5392479
0.4629269
0.074766524
0.42512298
0.26226753
0.083942495
-0.21861039
-0.14823878
-0.14507924
-0.084480196
-0.13293187
0.0250017
-0.38938496
-0.33287787
-0.27113372
0.038520362
-0.24987917
-0.36951205
-0.075703174
-0.09087054
-0.26735088
0.0074739987
0.06747575
-0.1713953
0.24513161
0.19041927
0.3015644
0.3153781
0.51006013
0.32765523
0.12242513
0.50271714
0.33022252
-1.3718116
-1.437618
-0.5400129
-1.0998573
-1.102714
-0.44916242
0.0013553548
-0.072780736
0.17841904
-0.8875929
-1.0071229
-0.5244504
-0.39453027
-0.47640124
-0.31893474
-0.01355868
-0.17415287
-0.054741554
-1.7078494
-0.54832494
0.77816737
-3.0696297
-1.5343696
0.2249098
-1.0984728
-0.28026545
0.4854198
0.46357998
1.9893961
2.6604471
1.8315015
4.0011106
4.2618427
1.7669141
3.3019464
3.3208952
2.1879163
1.73848
0.6078549
2.9779177
1.988598
0.77389127
1.7605262
1.2783872
0.5412264
-1.4353125
-1.8127637
-1.0021056
-1.7410419
-1.6006576
-0.37785205
-0.19013219
0.16594379
0.8856218
0.012847661
0.17341538
0.26537025
-0.016715838
0.17488551
0.23465517
0.2192659
0.3247275
0.22123489
-1.1737657
-1.3660764
-1.0543057
-0.26289374
-0.57517564
-0.25568426
0.3074594
0.0439033
0.19740677
-0.33520952
-0.9131034
-0.84586424
-1.1203395
-1.6267933
-1.0703982
-0.5298148
-1.020128
-0.53859437
0.16328505
0.13999459
0.3445554
0.034111246
0.13430212
0.18573003
0.08348162
0.35269704
0.33963907
0.3042124
0.37632233
0.3467583
0.23476422
0.28481477
0.26407948
0.17273875
0.039962366
-0.032240573
0.39113328
0.46580315
0.30367604
0.29959315
0.113965996
0.13913865
0.13099742
0.11043822
0.1362034
0.18261531
0.3372243
0.058687516
0.22521207
0.6356437
0.21088783
0.2857622
0.50198245
0.2879743
0.50491536
0.5849657
0.22810933
0.546018
0.2376412
-0.31617343
0.67183053
-0.012405843
-0.30032226
0.31751934
0.5143654
0.5798554
-0.15625331
0.22935387
0.7563349
-0.15148981
0.38070777
0.75321805
0.048152655
0.41920924
0.5447918
0.03137487
0.46551377
0.4523424
0.056142718
0.0240152
0.1652854
0.18950966
-0.05284461
-0.13698858
0.14864871
0.098487526
-0.15827955
-0.109240025
-0.11634169
-0.16165468
0.2810105
0.36035126
0.26744884
0.13602737
0.20634033
0.35020265
0.069231026
0.16171117
0.03875958
0.34183723
0.13716047
0.17693624
0.54158485
0.32335317
0.27373815
0.19473273
0.41123036
0.32472256
-0.03230523
-0.019226993
0.029567376
-0.14936967
0.18163212
-0.06694046
0.025690887
0.0852006
0.053242102
0.5939585
0.4407396
0.4050904
0.21932308
0.17621261
0.23576836
0.1456035
0.15686409
0.0744645
0.26928037
0.120492876
0.26430416
0.3181777
0.20118016
0.114402905
0.1764596
0.04916698
0.10188771
0.14787595
0.27595535
-0.07378636
0.41313857
0.25911587
0.21897899
-0.0121371085
-0.05775652
-0.10704323
0.5168027
0.41391748
0.15276739
0.3458574
0.0233438
-0.47005284
0.48707557
0.115691185
-0.340532
0.06357562
0.47808832
0.66432846
-0.13781752
0.63134027
0.85511464
-0.004084683
0.64790124
0.8946558
0.08377087
0.3378122
0.5866008
0.13423124
0.5272125
0.47417727
-0.02381409
0.42020273
0.07986573
0.0066555203
-0.25840288
-0.20930476
0.0061116563
-0.10491853
-0.1462875
-0.059472807
-0.24176238
-0.17817488
0.23118977
0.4856999
0.4169763
0.29982007
0.21691942
0.31805986
0.0813837
0.024151651
0.10979618
0.28868714
0.3508018
0.18280077
0.24235797
0.5470825
0.2557577
0.38500473
0.46721584
0.17063321
-0.07610738
-0.07978136
-0.24200612
0.0008132149
-0.033093218
0.0693631
-0.23768507
-0.033553723
-0.14361069
0.7420818
0.6023734
0.52147365
0.7048284
0.5366023
0.5095396
0.4404472
0.55044615
0.67625976
0.59868485
0.5955938
0.5347749
0.6848324
0.5881739
0.4705526
0.573301
0.4709518
0.40674725
0.52432305
0.6239579
0.46049199
0.621677
0.47395906
0.24836102
0.8612116
0.77272
0.6911637
1.3685296
1.4144315
1.3309383
1.483488
1.4155242
1.3996332
1.2733383
1.1548191
0.9533198
1.3315483
1.2249281
1.3646667
1.1339101
1.2553532
1.2627023
0.8096059
0.9569283
1.2213631
0.3699718
0.31657836
0.44548386
0.2772859
0.31509513
0.3849472
0.4904874
0.6782637
0.48315218
-0.09368206
-0.3054169
-0.12098231
-0.23718092
-0.17517057
-0.17567003
-0.020455439
-0.14987493
-0.2074643
0.63226014
0.6760283
0.6906554
0.67048264
0.7288949
0.57642615
0.5552212
0.57662374
0.56308204
0.6557048
0.5294821
0.6102557
0.6117422
0.6774471
0.6141596
0.799683
0.80953026
0.62366694
-0.30280125
-0.41165686
-0.41906878
-0.36603245
-0.22434036
-0.29522052
-0.1725814
-0.062326528
-0.2684537
0.3745501
0.17507526
0.2143138
0.014358625
0.1026498
-0.041862905
-0.12351175
-0.18660417
-0.043915927
0.16110645
-0.006960173
0.103433974
0.2328467
-0.0641211
-0.024675965
-0.120837554
0.07851045
-0.052365463
-0.32751748
-0.30134153
-0.027510159
0.14845768
0.38208517
0.027900854
0.14313371
0.31656405
0.18851492
0.3572046
0.4200164
0.029545775
0.30284798
-0.1356278
-0.7895249
0.1747887
-0.5701628
-1.3452748
-0.3066988
0.06462326
0.13008425
-1.3911706
-0.39581743
0.37871236
-1.5362021
-0.45727164
0.24569571
-0.22565582
0.31737566
0.42714676
-0.07109088
0.3634549
0.4688096
-0.26518828
0.19115484
0.041422077
0.3287728
0.046978846
-0.026623111
0.5458311
0.25776133
0.16809598
0.4882738
0.29446727
0.104570694
0.1276441
0.27553564
0.08036108
0.076736145
0.2602452
0.07332273
-0.089884736
-0.23288919
-0.17958464
0.06906001
-0.091603026
-0.12722541
0.300514
0.16785285
-0.009532276
0.37050146
0.3349358
0.11958914
0.042144053
0.10561356
0.13565114
0.074976794
0.35056585
0.06892395
0.15295589
0.37864742
0.2223984
