10
14
3
3
-0.108270995
-0.1472673
0.36710292
-0.014801545
0.080635004
-0.011229944
-0.21157482
0.3082238
0.13578673
0.19083816
0.43750635
0.010760991
-0.19362354
-0.16313748
0.016472008
-0.5141275
-0.48729888
0.11534728
-0.2994931
0.21366905
0.1885978
0.029727215
0.096807934
-0.23962231
0.09907646
0.11129399
0.096624926
0.23493777
0.336665
0.15383165
-0.1537417
-0.0049845395
-0.082739875
-0.308937
-0.22323228
0.06848941
-0.030640779
0.3794459
0.15112996
-0.04011654
0.13313434
0.04823868
0.05422138
-0.17129146
-0.517088
-0.06162194
0.07119805
0.33516374
-0.14519535
0.16160482
-0.046431646
-0.37652075
-0.14213893
0.20224582
-0.16522714
0.3092238
0.30823067
-0.28489032
-0.20259388
0.19068621
-0.43082124
-0.44554305
0.15330406
0.13632943
0.3138251
0.25465924
-0.106164865
-0.5217192
-0.05139713
-0.03862448
-0.32298326
0.07066025
-0.6186472
-0.25956514
-0.33759174
-0.2515855
-0.5989179
-0.20195678
0.09767086
-0.08319869
-0.25065067
0.16349737
-0.07337775
-0.107789434
0.33205605
0.11489556
0.073990315
0.11997082
0.26517442
0.29711473
0.32132488
0.34349406
-0.11464888
0.21270397
-0.15255365
-0.21926226
-0.030545168
0.12924467
-0.068269424
0.0760328
0.3392144
0.33270648
-0.21024065
-0.32616085
0.06311821
-0.05297041
-0.3211914
-0.078314275
0.08387193
0.20665218
0.169714
-0.074935704
0.13584787
-0.19619478
-0.27092168
-0.11588031
0.22520475
-0.07530289
-0.025966609
-0.087555155
0.032846067
0.05272209
-0.0117955515
0.033450644
0.10265143
-0.098138146
0.05506713
0.09070366
0.5414126
0.025395036
0.0898066
0.30285466
-0.116381876
0.35941088
0.38801634
0.35932466
0.58852667
0.20349428
-0.10205798
0.18629566
-0.02202401
-0.048302148
-0.32195008
0.2433422
-0.05358193
0.20561115
0.12025441
0.224234
0.08786205
0.0017824103
0.05400476
0.14968766
-0.30768582
0.22724333
0.31156427
-0.030399924
0.038618285
0.2974398
-0.032092925
0.053012908
-0.08068185
-0.095871456
0.072930485
0.4366891
0.25983432
0.08455114
0.25118464
0.17001496
0.23797944
0.12593582
-0.34894237
0.15456106
0.35174754
0.21852036
0.18677002
0.33825478
0.31968024
-0.110876426
-0.0030292368
0.33781633
-0.31309155
0.3145815
0.42435443
-0.5240612
-0.1359165
0.31732666
-0.5159013
-0.25666636
0.23260407
0.2905617
0.5926497
0.35610604
0.083878234
0.039137546
0.034826897
-0.006408589
-0.059381735
0.3397894
-0.6088278
-0.5556296
-0.52197045
-0.3909455
-0.95074815
-0.6823471
-0.05888776
0.011753245
-0.026725931
0.2131879
0.110502206
0.07460628
0.3727446
0.12726417
0.0852357
0.39126703
0.33738047
0.3577591
0.35212246
0.312226
0.13151623
0.5795679
0.013947509
-0.47175944
0.20585687
-0.0059276572
-0.23372318
0.21576141
0.38682118
0.6448972
-0.03885124
-0.13543452
-0.073264904
-0.051974848
-0.07952593
0.07087016
-0.10594109
0.337141
0.115646586
0.030284967
0.23571028
-0.043153226
-0.27188346
0.085725665
0.24503493
0.037669063
0.023671908
0.054231435
-0.03944834
-0.06563804
0.10755105
-0.089732565
0.024671016
-0.06390969
-0.18280734
-0.38750452
-0.04997928
0.023874635
0.24956985
0.18509987
-0.22476685
-0.22210592
0.07486762
-0.08660669
0.4322221
-0.039295886
-0.09740396
-0.26834697
-0.09883588
-0.17789233
-0.36149424
0.15004893
-0.17760389
0.08086722
0.06930527
-0.0855654
0.0527593
0.05242018
-0.20723173
-0.23669958
0.13770427
-0.20665126
0.20168792
0.10959035
-0.32293317
0.086593896
0.085097626
-0.23585595
-0.20626375
0.001999981
-0.14350976
0.06515569
0.30736613
-0.11186451
-0.19608785
-0.024026606
0.105102666
0.2629219
-0.41089475
-0.07322038
0.030947108
0.09388906
-0.16793533
-0.06820257
0.08338918
-0.80585927
-0.23046051
0.22664031
-0.23675618
0.009900005
0.14474866
0.007334971
-0.24325944
-0.11447417
-0.13643083
0.027696408
0.11021149
0.06216618
0.1640207
-0.14079218
-0.08361301
-0.6094609
-0.23270409
0.022809703
0.16930513
0.08552363
-0.14246763
-0.23486866
0.009000198
-0.057636052
-0.3133691
-0.019870067
-0.08074165
-0.015259566
0.03862155
0.11789235
-0.30564284
-0.37029687
0.1490816
0.09038386
0.06801622
-0.04872527
0.15359432
0.18057412
0.056125812
0.2962388
-0.09711262
-0.27455047
-0.22325858
0.11817572
0.112107195
0.124386065
0.23006472
-0.005868685
0.16496894
0.08665666
-0.11016118
-0.5505571
-0.45324975
0.113086924
0.38170314
-0.11950818
0.102784716
0.14862719
-0.16703744
-0.36781326
0.034049086
0.35505447
-0.2464958
0.008192861
0.090669155
0.096000746
0.0087817665
0.07591744
-0.10134894
-0.036640994
0.13129427
-0.029182378
-0.011591697
-0.19344448
0.72048837
0.20402548
0.43690217
-0.33213785
-0.50361735
0.38747647
0.11611694
-0.29921564
0.12345977
-0.5058495
-0.033158276
-0.32783014
0.47208893
0.45347872
-0.57334334
0.5872645
0.05904892
-0.3748222
-0.64937305
-0.71616805
0.57088006
-0.6708363
-0.006005628
0.5779048
0.3208608
0.21056876
0.18812011
-0.66543174
-0.56694186
0.21455583
0.07157338
0.05032353
-0.09679119
0.69404995
0.30885285
-0.21172784
0.11951535
-1.0254227
-0.10179102
0.32411835
0.017747173
0.76571363
0.06797912
0.1241898
0.64033836
0.052826762
-0.42810905
-0.29527315
0.4609933
-0.40777314
-0.3520178
0.5692842
-0.18114386
-0.3069398
-0.2681684
0.079219334
0.17458837
0.27314162
0.7366631
-0.16449533
0.08312922
0.019639269
-0.31782413
-0.19495103
0.5487085
-0.061805915
0.4857861
0.5186672
-0.5279865
0.060885016
-0.40593746
-0.22182494
0.3071912
0.24229293
0.07874116
0.33647814
0.35712317
0.07067796
0.007822855
-0.051836465
-0.07434356
0.11673029
0.5151651
0.1102798
-0.04474066
-0.30509448
0.07459424
-0.10060682
-0.4634406
0.21296439
-0.47123197
0.20732418
0.9783538
0.2382455
0.10061566
0.2740209
0.001370322
-0.32634738
-0.16713169
0.06927914
0.2125586
0.5540569
0.45472017
0.7635929
-0.045177467
-0.29951382
-0.6552595
-0.87629735
-0.66030157
0.109098345
0.75970286
-0.01738083
-0.7069792
-0.21206504
0.33287206
-0.17318161
0.28844926
-0.012327237
0.14562105
0.030101547
-0.1774313
0.059164762
0.063404486
-0.012755052
0.0047794944
-0.0066861357
0.4624709
0.2919443
0.51105803
-0.0043974756
-1.0017145
-0.5221575
0.08911358
-0.63798875
-0.37814787
-0.2782353
-0.7885571
-0.48429555
0.1724332
0.28959817
0.042235773
0.3522252
0.8545418
0.24112907
0.46275616
-0.64040864
0.0036082366
-0.23711823
-1.1667111
0.2966131
0.22528486
-0.30436867
0.35006127
-0.008592129
-1.369729
-0.29598022
0.61030126
-0.5403945
0.038380206
0.68857616
0.5986399
0.37193432
0.42923856
-0.7358675
-0.9706647
-0.0105264
-0.21863581
-0.023467066
-0.44660035
-0.024154644
0.5552198
-0.108258225
-0.3272065
-0.38363525
0.30481017
0.06742522
-0.4305061
0.85814416
0.60028344
-0.0051869503
-0.43439725
-0.561397
-0.2536175
-0.13183516
0.08763488
0.2850065
0.0013014814
0.08736437
0.24047427
-0.57668537
-0.20778339
0.3556329
-0.081015304
0.60017735
0.42922845
-0.1715363
-0.05127985
-0.1294854
0.11359282
0.31548774
-0.035394337
0.08984739
0.059251044
-0.048132088
-0.11173048
-0.09155309
-0.42331564
0.19101632
0.07679364
0.91022545
0.08482778
-0.18454877
-0.017072804
0.028477794
-0.46005505
-0.24598035
-0.38742578
-0.7544571
0.25262007
0.20841907
0.20163737
0.053740986
-0.05769926
-0.16184738
-0.4053414
-0.35767496
-0.031083807
0.09943353
-0.09029074
0.48318484
0.6712731
-0.23332319
-0.3288163
-0.38398916
-0.08480691
-0.9956589
0.42555922
0.74010956
-0.40011725
-0.5647888
0.64535266
0.31990793
-0.02884658
-0.06836066
-0.11704744
-0.06669645
-0.19184256
-0.12348164
0.098209254
0.030222641
0.010958721
-0.010001882
-0.42020857
-0.28449702
0.17594504
-0.17609672
0.013357442
-0.10147181
-0.25930166
-0.031615604
0.08613558
0.20583329
0.3331318
-0.059898563
-0.10130208
-0.1690359
-0.0510959
-0.76849574
-0.44955647
0.004147574
-0.24316956
0.058064345
0.04593229
0.027804563
0.113063246
-0.02497218
-0.120666176
-0.049464133
0.28558138
-0.051688965
0.1530472
0.041017435
-0.12385361
0.18465798
0.025950003
-0.12431747
-0.27581844
0.2413213
-0.1017941
-0.05482953
0.056052215
-0.22593352
0.04329777
-0.079951584
0.10576871
-0.090697125
-0.5649648
-0.21618374
0.020540688
0.109642744
-0.19764112
0.12607093
-0.15339936
-0.9410562
-0.02018753
-0.07576327
0.068152845
0.13761607
-0.05469481
0.03855475
-0.11439754
-0.12378575
0.01387481
-0.21755707
0.06988594
0.22018272
0.26883575
-0.07638353
-0.37094465
-0.7016898
-0.08599841
-0.18494429
-0.09781177
0.029099109
0.00375275
-0.11809042
-0.13084736
-0.11317948
-0.31680307
-0.05559212
-0.10880713
-0.056879945
-0.23676589
-0.058944453
-0.4428498
0.0929007
0.0006546119
-0.062373694
0.13042797
-0.07184093
0.21743321
0.042660795
0.1125438
0.2341607
-0.34351072
-0.36878374
-0.052699845
-0.32621023
-0.25079504
0.17786601
0.08371796
0.046701692
0.45554158
0.0012108238
-0.24410339
-0.3280458
-0.26494625
-0.01834742
-0.02419883
0.15516259
-0.06000123
0.09914785
-0.19069302
-0.045109883
0.07017644
-0.09955347
-0.11205417
-0.023305098
0.28228378
-0.016859604
-0.06842468
0.059797175
-0.01420364
-0.02513427
0.030976044
-0.027340882
-0.0960632
0.12830089
0.24866675
-0.18694866
-0.09241564
0.21253929
0.21758854
0.053820577
0.083791
-0.058116913
-0.17971733
-0.34242028
0.29435748
-0.06848543
0.013612732
-0.16544284
-0.1378986
-0.12532488
-0.3312799
0.0144359935
-0.03135125
-0.2665129
0.3246955
0.24164723
-0.09376675
-0.041111708
0.052927867
0.014057277
0.059006058
-0.06120956
0.012434791
-0.24808794
0.11201667
0.09894117
0.11048937
-0.0893508
-0.17142273
0.17799439
0.12600432
-0.2483762
0.075567335
0.07771383
-0.20037933
-0.12033715
0.15580626
-0.031092023
-0.26565805
-0.015684081
-0.08046203
-0.1692267
0.39408115
0.111609966
-0.13218635
-0.07748526
-0.17478958
0.00055776007
-0.08479777
0.038881432
-0.051686753
0.16699998
0.058382403
-0.09495392
0.061692014
0.25362813
-0.12875448
-0.2532457
-0.022741826
-0.16422375
-0.31958672
-0.18706086
-0.2140936
-0.049835436
0.114139296
-0.03522914
-0.13089752
0.16469115
0.37369445
-0.10118777
0.18395755
0.23232552
0.04319659
0.24680947
0.27106035
-0.029358653
-0.6948639
-0.46172625
-0.06970858
-0.36698508
-0.33518058
-0.055387143
-0.1876008
-0.12822883
-0.13634089
-0.056124408
0.3194018
-0.21162091
-0.19948608
0.32060203
0.0058701388
-0.39414185
0.21096168
-0.02683112
0.0632725
0.24056037
-0.11840148
-0.0893725
-0.24511544
-0.11492076
0.15081058
-0.15362552
0.26135463
0.06014796
-0.140337
0.124164864
0.006274577
-0.004715259
0.022433817
-0.0497343
0.14156434
-0.06625572
-0.12886731
0.059402723
-0.052102365
-0.13539691
0.03539777
-0.17486256
0.045267113
-0.09877064
-0.13825288
0.14744166
0.6638228
0.20957027
-0.024200747
-0.14555041
0.077086814
0.6481481
-0.019100908
0.398604
0.5367645
0.11901811
0.0910437
0.109040655
0.05308014
-0.40236703
-0.37550643
0.10298016
-0.16453025
0.10356732
0.15780962
-0.12996581
0.20368841
0.06395661
0.14472331
0.07544429
-0.06116056
0.088664055
0.12573583
0.13415977
-0.1588937
0.18257406
-0.071859986
-0.17855065
0.048521295
-0.12367358
-0.060615256
0.23865739
-0.09299925
-0.051990937
0.21302432
0.33707282
-0.1838705
-0.22906336
-0.4237092
-0.15926574
0.32623878
0.22762056
0.092543736
0.26461905
0.13379793
-0.17991975
0.2539479
0.26165575
-0.19413826
0.26986352
0.37331232
-0.27911612
-0.040904526
0.29901388
-0.6906809
-0.657848
0.38522732
0.6310684
0.75296986
0.37732512
0.07335995
-0.062179122
0.1667529
-0.105237335
-0.2283974
0.35259244
-0.40558022
-0.29101375
-0.31492347
-0.54384804
-0.5188586
-0.17415394
0.019850366
-0.068647325
-0.28774828
0.11537539
-0.021555364
0.3995917
0.34667963
0.114109576
0.08591955
-0.03736403
0.19280125
0.17322434
0.41570252
0.47203898
0.08958741
0.27533212
0.2091347
-0.6173636
-0.1312151
-0.15332153
-0.22455198
0.19315898
0.7339381
0.30191115
-0.026621867
0.13525586
0.09802208
-0.15128337
-0.26997113
0.10633599
-0.027208032
0.070436336
0.2827595
0.19742483
0.17435223
-0.3056932
-0.42696983
0.14144893
0.42666498
0.0026540738
-0.05354818
-0.031151762
-0.06490385
-0.07496948
-0.015636422
0.08650597
0.16545446
-0.03632218
-0.26686892
-0.27738634
0.091989055
0.088103905
0.4795308
-0.08533612
-0.16066551
-0.14880516
0.01560591
0.0771987
0.34615916
0.26732117
-0.27796873
-0.45078707
-0.1105231
-0.29613447
-0.22515972
0.43342376
0.05060033
0.20250842
-0.20949562
0.09952905
0.08762663
-0.11952859
0.011986802
-0.073923945
-0.045270264
-0.035027046
0.35921574
-0.25009677
-0.043318752
-0.06483536
0.019442111
-0.39442548
-0.25464407
0.15177992
0.12067724
0.34460562
0.18536708
-0.08788301
0.06828232
-0.276047
0.2347229
0.08335901
-0.5056494
0.11246935
0.32310903
0.14010842
-0.2741022
0.35401738
0.18655147
-0.43803114
0.2847357
0.4548904
-0.13577946
0.14361998
0.17944267
-0.39621732
-0.44074363
0.14476609
-0.446522
-0.016620018
0.30059254
0.15669562
0.04113462
0.10289612
-0.1572893
-0.56553394
-0.112865776
0.40974024
0.2170969
0.31639022
-0.44819483
-0.35182306
-0.24259448
-0.495678
-0.37873742
-0.33710304
-0.13983849
0.034201887
-0.3025653
0.14312936
-0.17987244
-0.12204545
0.062465675
0.30550945
0.181134
0.13025226
0.13074718
-0.16638632
0.4100825
0.21998331
-0.3040205
-0.008844868
0.073524095
-0.14080685
0.2945497
0.089660056
-0.2149517
0.1358442
0.07370194
0.21548931
-0.22807965
-0.60245496
-0.16905613
0.07970004
0.5468113
0.39741728
0.06750339
0.038829885
-0.3883058
-0.36377823
0.012202124
0.31999448
-0.2955894
-0.04684581
-0.020524286
-0.049827088
-0.11271455
0.08605253
-0.0879826
0.023239972
-0.16413203
-0.105761826
0.019438451
0.052665718
0.03116275
-0.2619573
-0.18046197
0.10017802
0.09909154
0.019951066
-0.21954733
-0.15561083
-0.0075646928
-0.16371031
0.06866392
-0.027335728
-0.06202549
0.17482589
-0.053940203
-0.05342126
-0.059782133
0.18517189
-0.22602993
-0.07691571
0.20270763
0.15065284
-0.20102498
0.03215523
-0.1269519
-0.1257961
0.37673992
-0.10675555
0.119447835
-0.012196966
-0.14748743
0.08876016
-0.073537394
-0.095235884
0.006803614
0.14367647
-0.06586336
-0.19529457
-0.10783464
0.042365797
-0.2919781
-0.14411877
0.080936536
-0.18029884
0.01359885
-0.15569861
-0.017514901
-0.28449342
0.0019115197
-0.029225089
-0.30869263
-0.3699359
-0.16382352
-0.3413735
0.08107415
0.011108882
-0.015196579
0.20953588
0.1379758
-0.12719452
0.35347214
0.24664982
-0.02128905
-0.39542592
0.003772094
-0.14908955
-0.16974358
-0.47212866
-0.18260902
-0.060714968
-0.023083445
-0.09717563
0.18985447
0.33751535
0.34320432
0.18809791
0.22306532
0.1219643
0.13038602
0.054887176
0.22522445
-0.23761624
-0.71432054
-0.49412358
-0.26091847
-0.5625461
-0.043564577
-0.2276683
-0.1933064
-0.032847647
-0.3113167
0.017218113
-0.054276794
-0.25892657
-0.19364697
0.2731148
-0.44217554
-0.15087937
0.22911313
-0.09413048
0.1680093
0.22439177
-0.12283562
-0.23869477
-0.24850284
-0.022294482
0.23030348
-0.13161407
-0.09990274
0.046487357
-0.2982603
0.08607044
0.17662825
0.036255036
0.123284064
0.06047149
-0.04263299
-0.051534582
0.004544698
-0.14262138
-0.05405757
0.07635415
-0.02426019
-0.056455236
-0.18904185
-0.1731719
