60
-0.291289
0.33847836
0.44142446
0.17252547
0.6157154
-0.19032186
-0.021666424
-0.0074436725
0.9013803
0.1289445
-0.3573527
0.17534812
-0.2200617
-0.7113301
0.6537816
-0.052298304
-0.17505553
-0.1880244
-0.004554989
-0.042706866
0.15786225
0.14124185
0.055036467
-0.11758965
-0.76598465
0.19471008
0.2648968
-0.06531109
0.32920542
1.3558854
-0.02764519
0.24724685
0.48130047
0.7858841
0.07062547
0.38821828
0.4707101
-0.04921759
0.051825907
0.2288848
-0.3535282
-0.006880099
0.24929653
0.0101022525
-0.0068343035
0.7404397
-0.15480012
-0.016489467
0.38485897
-0.3870533
-0.18681122
-0.055905886
1.0317869
-0.44986212
0.011208658
0.060274273
-0.013690095
0.6797465
-0.28062454
-0.22270371
