60
15
-0.07214193
-0.011027707
-0.029377969
0.020541525
-0.02394018
0.09021917
-0.011611854
-0.01528554
0.034584973
-0.068007275
0.0595527
-1.0545111e-05
0.10173661
-0.048558626
-0.04542161
-0.056152306
0.049733855
0.00245828
-0.03267424
-0.05978785
-0.025828153
0.08877376
0.04123185
0.024443228
-0.03397496
-0.022546561
-6.7239016e-05
-0.02254236
0.09088329
-0.015540948
0.042658918
-0.009643737
-0.03125429
-0.008867285
0.016911542
-0.026140997
0.024627544
-0.046275154
0.006050524
-0.027689453
0.00034565094
-3.4047007e-06
0.06316084
-0.03387336
0.003670502
-0.010858146
0.00012236284
0.0029268484
-0.006175391
-0.005605763
-0.0028100465
-0.0006944402
-0.000593209
-0.0081120655
-0.005059212
-0.00275362
-5.9913464e-07
-0.0006427267
-0.006077447
0.009197138
0.037285343
-0.02770776
-0.016260581
-0.017888518
-0.029979594
-0.020697363
-0.033175148
-0.048800968
0.038779907
0.031988785
0.029936591
-2.2257896e-05
0.02973027
0.027719237
0.039987545
-1.694967e-33
1.8856786e-33
1.7337107e-33
1.917811e-33
-1.7782941e-33
-2.2824976e-33
-1.9284315e-33
2.085664e-33
1.9257553e-33
-1.79773e-33
-1.7433536e-33
8.445258e-34
2.1086477e-33
2.161687e-33
2.2037536e-33
2.0503863e-33
1.6644748e-33
1.799225e-33
1.9236932e-33
-2.3036648e-33
1.9435287e-33
2.2874294e-33
1.9931337e-33
2.4796473e-33
-2.2310312e-33
-1.3224856e-33
6.1039307e-34
-1.9975837e-33
2.099352e-33
-1.9268064e-33
-2.666576e-33
1.9714265e-33
-3.4230024e-33
2.4540463e-33
2.2235603e-33
-2.6609928e-33
-2.0156016e-33
2.4030102e-33
-9.790694e-34
-2.6275383e-33
1.986927e-33
3.274175e-33
-2.4727128e-33
2.8908866e-33
-2.5450072e-33
0.0044441894
-0.017925773
-0.011337973
0.00719753
0.0031074572
-0.012382729
0.0017012241
0.018013831
0.04794296
-0.0030883404
-0.021338116
-3.9547936e-05
-0.04701162
0.04673371
-0.006417203
-0.00067031715
-0.00021208222
-0.00078008085
0.001067607
0.0003339081
-0.00024961706
0.004046915
-0.00044545735
-0.0008986478
8.501422e-05
-0.0023205644
1.2548004e-06
0.003017125
-0.0016543561
-0.0008942097
-0.025903532
0.04186442
-0.015539353
-0.0065900036
-0.011583038
-0.0073831375
0.046117906
-0.015664294
0.0049654073
-0.02223552
0.02454764
1.1980738e-05
-0.013932252
0.0037738066
0.009857757
-0.024600245
-0.009349341
-0.024470795
-0.020007372
-0.010481568
-0.014408227
0.039695732
-0.029525435
-0.035314415
0.058645852
-0.05015357
-2.495918e-05
0.053941604
0.053201485
0.046630602
-0.050417226
0.044809956
0.034288913
-0.040065993
-0.017485006
-0.009509791
-0.04518131
0.017664047
0.06384452
0.049456708
-0.051604062
-3.2697644e-05
-0.03184264
-0.027155528
0.034028914
-0.010516115
-0.014762149
0.093642265
0.06326787
-0.019650739
-0.03358929
0.003514932
-0.041265853
-0.031871166
0.103046454
-0.028223125
-1.6044218e-05
-0.005328374
-0.0023650874
-0.06358867
-0.052466046
-0.021832084
-0.029201342
-0.004944031
-0.020164544
0.044592623
-0.023186797
0.028023763
-0.03238995
-0.048994124
0.0053123552
-3.915117e-05
0.07990322
-0.02351558
0.083417185
-1.7054043e-19
-2.5064607e-33
3.7530588e-23
2.6828943e-17
3.3508686e-33
-2.4726283e-33
4.66528e-22
-1.2823618e-23
8.540452e-25
-4.2577596e-27
-2.6942152e-33
8.390625e-09
-8.729767e-18
1.3275594e-16
-3.0146886e-33
-0.06617997
0.05992552
0.031163406
0.017945338
-0.028705182
-0.018049404
-0.018772228
0.010583116
0.07813136
0.05665254
-0.046538416
1.1768747e-05
-0.03754042
-0.022268133
-0.025913777
2.1287839e-33
2.1703051e-33
2.5400866e-33
-8.42799e-34
2.910837e-33
-1.7419137e-33
-1.854547e-33
-2.3021252e-33
-2.382712e-33
-2.212982e-33
2.1890151e-33
-4.172999e-33
2.1819627e-33
2.257248e-33
-2.4163524e-33
-2.340243e-33
1.7157084e-33
-2.1562348e-33
-1.9609681e-33
3.5167426e-33
1.6519652e-33
-2.434639e-33
-2.3252309e-33
1.9219454e-33
1.3987368e-33
-4.334437e-34
3.84764e-33
-7.8301635e-34
2.615419e-33
1.8013235e-33
-2.2599246e-33
2.1158948e-33
1.6236141e-33
-2.3365342e-33
2.2093326e-33
1.817871e-33
2.1827172e-33
-2.2615556e-33
1.9244497e-33
2.1566271e-33
-1.4242882e-33
-7.664576e-34
-2.0337443e-33
-2.2600795e-33
2.1118774e-33
-0.028935933
-0.002052683
0.048027165
0.05339845
-0.02282655
-0.012746277
-0.031380247
-0.0075139566
-0.025569323
-0.016350348
0.043570932
-1.457938e-05
0.01610936
0.023885688
-0.011631656
0.07141811
-0.0013807465
0.017540587
0.0045684674
-0.028764602
-0.023223324
0.003776926
0.0048129526
-0.009594573
0.063639015
0.025149895
-2.3106695e-05
-0.04737444
-0.03538689
-0.05886585
-0.05018639
-0.023222474
-0.023461014
0.14661852
-0.035084207
0.0009461357
0.0019473229
0.0010787454
-0.021850402
-0.024388094
0.00015227373
-8.5565225e-06
0.0053527677
0.015924891
0.0005758073
-0.051955905
0.031537548
-0.024906361
-0.021153333
0.07219755
-0.016730273
0.029731698
0.030491661
-0.006012052
-0.011690509
-0.0118568875
-3.1345244e-05
-0.023744708
-0.010076793
-0.024490662
-0.019979397
0.11573025
-0.02711083
-0.01935828
0.0066032144
0.038397662
-0.046869747
-0.067196146
0.109904125
-0.03378302
-0.0030227676
-7.317534e-05
0.042674623
-0.04777761
-0.04361698
-0.0013464984
-0.035425708
0.055331297
-0.019240653
-0.023931246
0.06529313
-0.032457694
0.023181304
0.0012064945
-0.022884615
-0.009858977
-2.5065178e-06
0.009789833
0.012185658
-0.011802368
-0.015274573
0.024573147
-0.0058212504
-0.023070812
-0.009435994
-0.01997943
-0.010661211
0.042144556
-0.0013268397
-0.010554377
0.002089111
-8.259997e-06
0.011826735
0.00409548
-0.015925122
-2.096204e-33
2.1679148e-33
-2.0666127e-33
2.2788295e-33
-2.1135857e-33
1.5996753e-33
2.446429e-33
2.3644432e-33
2.0503408e-33
-2.0944312e-33
-2.260768e-33
-2.0336464e-33
2.7572265e-33
-2.1612568e-33
2.3384355e-33
0.031542826
0.015463459
-0.018210744
-0.0147083225
-0.007856155
0.013622385
-0.04443401
-0.046045624
0.03879386
0.010152609
-0.019065483
-2.2681828e-05
-0.018350165
0.029807797
0.018934209
0.052986316
-0.040444795
-0.056085683
-0.015687006
0.04761119
-0.022999799
-0.03611935
0.07228174
-0.010567938
-0.061953664
-0.031559225
-0.00010076665
-0.026029328
-0.03597453
0.11481217
2.2917831e-33
2.108966e-33
-9.6608e-34
2.3252994e-33
-1.8929408e-33
2.2574965e-34
-2.1758869e-33
2.2234318e-33
9.796411e-34
-2.3551433e-33
-1.7545873e-33
9.69489e-34
-2.3608452e-33
-2.3128006e-33
-2.608151e-33
0.034340184
0.0658186
0.047697842
0.034120753
0.0017946161
0.036342967
0.07274032
0.06454769
-0.08560459
-0.060594816
-0.020436412
8.492254e-05
-0.045185324
-0.11577857
-0.05224316
0.15405212
-0.019074377
-0.008069146
-0.018419363
-0.009513105
0.014640963
0.0024833982
-0.054920092
-0.009995658
-0.025132827
-0.022551093
-6.282213e-06
0.008118748
-0.019426515
-0.019123528
-0.035255957
-0.014655579
0.0013315023
-0.013217887
0.01219593
-0.0239107
-0.038115043
0.08942386
-0.0076793497
-0.03779658
-0.045751266
4.275207e-06
-0.010787244
-0.046181306
0.1442054
-0.052094813
-0.019290714
0.1253208
-0.035387956
-0.04029401
-0.035422154
0.045652177
0.035743743
-0.01304086
-0.009606932
-0.016579315
0.00013979027
-0.0070090643
0.020338643
-0.0074394145
0.002376153
0.0038057123
-0.0003909698
0.00025269287
-0.0028609294
-0.0021636684
-0.004531789
-0.003904021
-0.0029698284
-0.0061799353
-0.0028989841
2.1559301e-06
-0.00022798704
0.002617396
-0.005672149
-0.007496234
-0.030538775
-0.0077020274
-0.019745342
0.0067652683
0.033455037
-0.07033435
0.07390246
-0.004243359
0.00044199397
-0.002231596
-1.2829931e-05
-0.017560972
0.034107357
-0.022701183
-9.5901754e-08
4.766535e-10
2.7828805e-06
-2.1256625e-09
-1.4413808e-10
6.0946177e-06
-7.363175e-06
-0.00014827831
-6.0235365e-11
0.0005896362
-5.123354e-06
-9.20367e-26
-0.0006041655
-0.0021603538
-0.0021234637
-0.0011778403
0.0028482564
0.00027205152
-0.0018369943
0.00092299643
-0.0011674063
0.0011439807
-0.0017917398
-0.0021129965
0.0013169249
-0.00091750856
5.156002e-09
0.003337462
-0.0034073242
-0.0015537335
0.0065064337
-0.0003539323
-0.00056843256
9.337993e-05
0.0010990534
0.004286234
-0.0006012048
-0.001810391
-0.0031878848
0.0014693323
-0.0057743047
6.1711097e-07
0.005805728
-0.006956875
-0.0074505983
2.3195527e-33
2.1964281e-33
-2.3720148e-33
-2.5833632e-33
2.3745274e-33
-2.0612979e-33
2.3555234e-33
-2.5541343e-33
-2.27051e-33
-2.4660044e-33
-2.4045813e-33
-4.8360543e-33
-2.7161869e-33
-2.5044232e-33
-2.3759343e-33
2.8906387e-33
3.56776e-33
-2.3520404e-33
-2.3281226e-33
-1.6763288e-33
2.7904783e-33
1.7066793e-33
-2.481601e-33
5.591943e-34
-2.8777955e-33
2.7549725e-33
-4.8384523e-34
3.4586432e-31
-2.4188197e-31
-7.047806e-33
0.063660964
-0.04759166
-0.0019195358
0.011037765
-0.04941274
0.10413687
-0.013225897
0.012321303
-0.044152405
-0.06313655
0.01042854
-5.6888496e-07
0.051047914
0.025416939
-0.06938345
-0.0182937
-0.01825039
0.030955916
-0.0037284524
-0.031766124
-0.018632676
-0.028230762
-0.03134094
-0.060853824
0.056290716
0.15326309
7.064329e-06
-0.08286153
-0.031731963
0.035834145
-1.8092081e-33
-2.2772758e-35
2.1321014e-33
1.5988257e-33
1.30073e-33
-1.16538225e-33
1.8364816e-33
3.028947e-33
1.8078115e-33
7.021239e-34
-1.4529699e-33
2.9706564e-33
2.1574448e-33
-1.4161115e-33
-7.808142e-34
-0.01962857
-0.0057967003
0.0010050342
-0.0055307215
0.0017383533
-0.0032112435
0.002385152
-0.011963634
-0.0021710799
0.017448379
-0.011007357
6.768092e-05
-0.0030850167
-0.026573231
0.05750206
-0.039770942
-0.035291202
0.006278688
-0.016729973
0.009195306
0.026148338
0.08551428
-0.04055621
-0.030241791
-0.009020878
-0.024204506
-1.0393428e-05
0.026125107
0.06843864
-0.023189627
-2.530451e-33
2.4141291e-33
1.5834133e-33
2.5427581e-33
-2.3773686e-33
2.5702588e-33
-2.4294019e-33
2.5721291e-33
1.6347523e-33
-2.4105747e-33
-2.1581303e-33
-4.3222222e-33
2.597559e-33
2.6413138e-33
3.0374743e-33
-0.0063701235
-0.05572698
-0.049211048
-0.04663743
-0.061328977
-0.042075798
-0.046192653
0.06278001
0.0077919764
0.07146595
0.03751244
-5.0954517e-05
0.075773045
0.06930136
0.059056953
-2.4195343e-33
1.924523e-33
2.1919601e-33
2.3387048e-33
2.3251973e-33
-2.0337654e-33
2.1542425e-33
-2.1107674e-33
-1.2366619e-33
2.1206432e-33
-2.579575e-33
-1.8156994e-33
2.2786398e-33
2.2589914e-33
-2.2312966e-33
2.0675755e-33
-2.4719649e-33
-2.2631646e-33
1.7261949e-33
1.5125072e-33
-3.7464427e-33
2.1439426e-33
2.213916e-33
-2.2695844e-33
2.692415e-33
1.5851923e-33
-4.2821085e-33
2.4596246e-33
-2.2483592e-33
-2.3470344e-33
-0.0006651167
-0.00013188888
-1.4941437e-05
0.00028814437
0.0002850265
-0.00029574987
1.0283159e-05
-0.00013492916
-0.00014935776
-0.0009384867
-0.00036580337
5.1667346e-09
-0.0031939968
-0.00094835815
-0.00086891174
0.05495468
-0.036746077
-0.051280834
0.028401004
0.11352715
-0.03444793
0.010170832
0.023700621
-0.02824932
0.003584926
-0.06693082
-4.0143997e-05
-0.033930235
0.023318773
-0.006559252
-0.0046220035
-0.015491612
0.010721439
0.02602908
0.08670999
-0.021366978
0.0059339013
-0.035975233
0.029043935
-0.029734343
0.015295009
-4.2900043e-05
-0.067395866
0.029923312
-0.024270475
-0.016397657
0.069743216
-0.0036462464
-0.011412709
-0.003845965
-0.016729323
-0.023503121
-0.012450974
0.041224644
-0.0150782615
-0.00544119
-1.1999303e-05
0.0009285546
-0.0026876486
-0.0040976536
0.0012088795
-0.0022787387
-0.00052323466
0.0043635867
-0.0022528823
0.00073880085
0.00038992733
-0.0017276655
0.00012861208
-0.0007297318
-6.6081644e-05
9.1395486e-07
-0.0036843785
9.268807e-05
-0.0020934918
0.04914479
-0.048716612
-0.023133643
-0.026248615
-0.033435788
-0.03498966
-0.06403972
-0.041575406
0.07735166
0.03238578
0.0371418
-1.3772678e-05
0.04749107
0.02459197
0.018292326
0.0060621942
0.0026812472
-0.0035419352
-0.0014130546
-0.005367335
-0.0008786185
-0.000800694
0.0024734118
-0.0016036741
0.0016457303
0.0028046726
2.4154417e-08
-0.0014722457
-0.0004681353
-0.003786489
-2.6491982e-33
-2.1065143e-33
-2.5920468e-33
-2.805874e-33
-2.3369946e-33
-2.6659007e-33
2.25615e-33
-2.5523024e-33
2.5777563e-33
2.6757743e-33
2.46045e-33
1.8734147e-33
-2.49533e-33
2.7726675e-33
2.7228727e-33
-0.040450767
-0.04794185
-0.010513436
-0.0027133354
0.10161509
-0.0120508745
0.10252609
-0.08068619
-0.009405035
-0.037069157
-0.017976543
-6.353851e-05
0.011447941
0.09552109
-0.045411937
