6
10
3
3
-0.040960807
0.09678727
0.09569036
0.37880597
0.55342925
0.19301797
0.16255662
0.30149823
0.12637909
-0.048347473
0.18235482
0.105278544
0.2501605
0.5236375
0.28050053
0.36211908
0.65289575
0.2905122
0.123593196
0.34410077
0.406299
0.13864839
0.28785402
0.4964347
0.04640709
0.24505843
0.29769868
0.14376694
0.18155214
0.44286913
0.23686118
0.21006235
0.21575898
0.17092954
-0.117245086
0.034029532
0.013562744
0.40625054
0.42607164
-0.05748314
0.2295072
0.37651575
-0.29816887
-0.08696766
-0.0050569125
0.22291137
0.05931664
0.1037032
0.09651238
-0.047789413
-0.2938303
0.016293058
-0.06257165
-0.27315918
-0.12562573
0.08571612
0.33281612
0.28601888
0.3895007
0.52599275
0.09898405
0.42661658
0.31971592
-0.095378876
0.04778348
0.18702395
0.3196216
0.3734042
0.31935987
0.22101797
0.08162743
0.04318922
0.34942508
0.91224116
0.6220276
0.15176457
0.647108
0.19362742
-0.55202895
-0.24357034
-0.54837656
0.15251714
0.079901196
0.24446468
0.17542751
0.23113759
0.20644921
-0.0068248357
0.066066734
0.21206048
0.27130547
0.40110454
0.48477608
0.4350682
0.5897528
0.51658046
0.40455374
0.6352395
0.5110793
-0.66983676
-0.49929413
-0.7107779
-0.40004876
-0.2879327
-0.78802615
-0.34789166
-0.39442885
-0.7544533
-0.6736396
-0.52857834
-0.52927077
-0.665009
-0.59511465
-0.612574
-0.66185176
-0.7399117
-0.5427651
-0.41763183
-0.381933
-0.26884663
-0.4197877
-0.34961045
-0.42170924
-0.36274695
-0.6051536
-0.30981717
0.591012
0.5321548
0.8121044
0.5903467
0.86239284
0.748933
0.69700724
0.6484193
0.54830617
0.7989087
0.6547256
0.6566934
0.688477
0.5194678
0.560965
0.8289065
0.7553839
0.7824631
0.39628565
0.74895626
0.94934684
0.5541515
0.913026
1.0633525
0.39746398
0.73425597
0.96884674
-0.5597328
-0.2820563
-0.5106298
-0.5054732
-0.5754048
-0.4658441
-0.6428621
-0.5764101
-0.7097647
0.54374903
1.3646343
0.9170492
0.46452639
1.0034564
0.5369454
0.08383339
0.233257
-0.049262043
-0.46963075
-0.39143416
-0.61532336
-0.3178282
-0.47873285
-0.6030896
-0.5108502
-0.56458807
-0.7905588
-0.08922271
0.38605878
-0.051591
0.3727007
0.3244218
0.14003858
0.357695
0.33784226
0.21345875
-0.04656025
0.2577025
0.019237746
0.27878377
0.52506894
0.15726775
0.44563386
0.5325913
0.26457468
-0.09074741
0.20273773
0.27558988
0.14676155
0.22642983
0.3280273
0.043930437
0.09683172
0.36660323
0.069800206
0.18621369
0.32423043
0.09228944
-0.0027959666
0.21260886
-0.07835723
-0.0024590674
-0.024367684
0.02398884
0.5156619
0.36126038
-0.12623581
0.4821037
0.4471723
-0.004393134
0.24175529
0.080969386
0.18764505
0.38429505
0.073224954
0.2833734
-0.004663925
-0.17248936
0.15204191
-0.063065805
-0.18579999
-0.24994083
0.1770525
0.15449053
0.15806994
0.659914
0.6200978
0.11578761
0.3966765
0.46005455
0.12111551
0.12121206
0.23015244
0.28119484
0.35616454
0.2220357
0.13493977
0.202299
0.1601781
0.09261001
0.9533812
0.88016826
-0.038941476
0.7174685
0.46316585
-0.43156618
-0.19541308
-0.3433532
0.1860628
0.36677775
0.19596973
0.08958218
0.19623798
0.03940611
0.24202292
0.17028981
-0.066794306
-0.2753645
0.024212036
0.052718326
0.060201302
0.036532447
0.098939344
-0.16484001
-0.15492693
-0.10892569
-0.1386458
0.18194523
0.39186427
0.2329931
0.61381775
0.49934188
0.009882078
0.29747677
0.436771
0.10831836
0.26019076
0.6297273
0.16801727
0.17164703
0.48142678
0.09549649
0.08123595
0.32638246
0.35835505
0.41847247
0.50449973
0.3462192
0.21505392
0.48681754
0.5327648
0.27847472
0.13545041
-0.2323349
-0.034405608
-0.00647689
-0.49266058
0.00023830836
-0.09351901
-0.45989057
-0.380165
-0.3686884
0.082139276
0.14795607
0.0026993933
0.10997152
-0.029453827
-0.41362128
-0.13055743
-0.045594722
-0.18891892
-0.1890991
0.1623039
0.41797316
0.0010732955
0.27930504
0.42825103
-0.35947978
-0.059193317
0.16379237
0.010358151
0.29396796
0.42964286
0.20745076
0.28383207
0.29915905
0.0065592797
0.0017429471
0.18065606
-0.2938119
0.6504138
0.78292316
-0.36664608
0.24644886
0.32253015
-0.81617844
-0.45737654
-0.60163724
0.40938124
0.36658415
0.510857
0.41645467
0.31543142
0.44599134
0.19233215
0.101906896
0.4474164
-0.03536926
0.12324015
0.077965505
0.45747992
0.347339
0.19249612
0.2715514
0.5260199
0.291531
-0.26440245
0.05045142
-0.18014067
0.36155307
0.613989
0.22334844
0.29860178
0.5743618
0.12628706
-0.03756025
0.26576695
0.01603072
-0.0045519215
0.32132235
0.40487337
0.036752287
0.12227319
0.17890447
-0.03834735
0.27239677
0.24822104
-0.13919757
0.20187227
0.18779084
-0.021383788
0.00036086366
-0.15270475
-0.025159046
0.46516386
0.5922
0.1191801
0.44925407
0.43024674
0.08279938
0.11582018
0.27958435
0.27204412
0.12800391
0.029533619
0.23225948
-0.10079196
-0.08805074
0.20143278
-0.15240075
-0.110844836
-0.05078937
0.27821758
0.1411251
0.16912447
0.55277324
0.71971285
0.2373775
0.5454251
0.5529521
-0.0747003
0.15941511
0.20163275
-0.06864398
0.24419701
0.32757834
0.08208704
0.15730992
-0.011579961
0.3582228
1.1793394
0.84215903
0.26616737
0.9039364
0.383768
-0.23049842
-0.079928
-0.37707615
0.0596214
0.13191088
0.14561711
0.1904939
0.14581406
-0.0884589
0.14011613
-0.0801903
-0.07293225
0.36989033
0.7702913
0.7391598
0.45961067
0.6998482
0.7716718
0.40471476
0.37367344
0.66875076
-0.44679448
-0.42233756
-0.69429255
-0.1332255
-0.3223152
-0.70642334
-0.3773908
-0.30846325
-0.718705
-0.56783605
-0.6302558
-0.6270871
-0.6859016
-0.69171405
-0.53846955
-0.9504869
-0.8364336
-0.7615089
-0.63739014
-0.5883236
-0.52728033
-0.79611015
-0.64809364
-0.58369845
-0.77677226
-0.81127673
-0.71955043
0.59862596
0.6729491
0.86640483
0.45765027
0.68047667
0.54215086
0.48277393
0.41609424
0.48077637
0.47144994
0.5892166
0.6943668
0.5754954
0.6516115
0.48405024
0.7402979
0.57067525
0.64569944
0.21528335
0.8105243
1.0929834
0.27194637
0.78980976
1.0024431
-0.18983756
0.13825133
0.53850436
-0.59275043
-0.41426748
-0.43895915
-0.7096212
-0.4539058
-0.52824354
-0.84270835
-0.7156644
-0.8807937
0.50489235
1.0577728
0.779849
0.101472005
0.47124708
0.1821976
-0.31479308
-0.24627253
-0.6218994
-0.60648584
-0.49552405
-0.6329527
-0.6200905
-0.680378
-0.8059127
-0.7781799
-0.64522463
-0.75157887
