3
6
5
5
0.38138157
0.5559167
0.47249788
0.59264517
0.40334484
0.6107465
0.7635777
0.54618645
0.4917362
0.5319285
0.60565645
0.7042095
0.5333418
0.7516687
0.33813867
0.37248996
0.57209903
0.35704595
0.47133356
0.2540801
0.27008435
0.36619964
0.23093092
0.32795805
0.05692188
-0.03493119
-0.3635768
-0.07462147
-0.000842357
-0.05246211
0.026639676
-0.24863325
0.021525692
-0.036661852
-0.122850746
-0.12408754
-0.2660603
-0.1412241
-0.17520495
-0.16201149
-0.23500907
-0.27522543
-0.26379147
-0.13117859
-0.20762035
-0.026452353
-0.33184937
-0.08374506
-0.19412243
-0.14028575
0.33509997
0.69252217
0.81704664
0.6434665
0.30744126
0.4822506
0.9974003
0.8733124
0.91114557
0.4407165
0.446918
0.7404636
0.9107421
0.8131314
0.24547641
0.52479845
0.73306215
0.41413382
0.6472479
-0.0074571976
0.08610585
0.16542499
0.08544308
0.19769698
-0.24560834
0.40503663
0.26986426
0.20385344
0.2139295
0.14901371
0.3774864
0.3777259
0.35275486
0.2973173
0.23990282
0.41656977
0.44437551
0.47201207
0.4918464
0.070885554
0.39909077
0.43794698
0.24391136
0.28340498
0.29920933
0.24667509
0.5854636
0.34899762
0.3717066
0.14874122
0.3963118
1.0684057
1.4244615
1.3224766
0.48417827
0.37247142
1.0519292
1.3724208
1.4191306
0.5016724
0.38695252
1.0371897
1.0265722
1.0259982
0.33760196
0.26029265
0.6789252
0.8697704
0.64077896
-0.11207943
-0.083019055
0.09858232
0.30229145
0.32911706
-0.42653772
-0.0680646
-0.16924098
0.123655885
-0.19126824
-0.28765
-0.12931386
-0.01423339
0.0021574027
-0.20221509
-0.12804736
-0.04348433
-0.20755996
-0.23495552
-0.15191974
0.057224497
-0.06686538
-0.14118038
-0.13626397
-0.21337558
-0.03942008
0.06458235
-0.2607213
-0.092671126
-0.13178298
0.08220824
0.35773543
0.5097871
0.44202092
0.530429
0.44974682
0.41044137
0.6460564
0.6113786
0.76477396
0.55379695
0.52922434
0.59543073
0.6130881
0.7942068
0.34133738
0.30725455
0.46903655
0.5828801
0.55535984
0.33669487
0.23984581
0.23252444
0.24711435
0.18842998
0.16390894
0.008299168
-0.21870595
0.07519653
-0.08174744
-0.05360461
-0.0089157
-0.31197646
0.04492285
-0.21727826
-0.17304556
-0.026319638
-0.2618767
-0.10483898
0.03272954
-0.087719806
-0.034329858
-0.17121114
-0.01887051
-0.033450045
0.004789254
0.07898103
-0.052569937
-0.043736223
-0.12866624
-0.057943646
0.43939206
0.83519983
0.8778927
0.83183265
0.29709953
0.53369236
0.9903191
0.893743
0.900909
0.5840797
0.51121163
0.903952
0.7009223
0.7687507
0.44189733
0.3743267
0.50528336
0.69685346
0.64456946
0.25894278
0.051538598
0.12836248
0.21553554
0.33881494
-0.10282196
0.2555491
0.3490696
0.21419242
0.3691317
0.09987927
0.3600592
0.28926617
0.17900644
0.17672235
0.09198395
0.20897554
0.270417
0.33017886
0.25653914
0.16810799
0.28433144
0.4101085
0.33392408
0.22420335
0.3286737
0.2567761
0.37765247
0.3843826
0.29330617
0.24521513
0.43673715
0.8225917
1.3621707
1.1293606
0.7478968
0.6466247
1.1435832
1.2129209
1.1954944
0.76156354
0.6690073
0.9163299
1.2583028
1.0400553
0.38473114
0.30834016
0.61763096
0.7546238
0.6271488
-0.06423343
-0.2952818
0.08742025
0.24092369
0.20328417
-0.600083
-0.09308829
-0.20309424
-0.16639645
-0.033558995
-0.14660847
-0.04532062
-0.058361452
-0.054950636
-0.11492513
-0.26962546
-0.011896382
-0.12044028
-0.030257037
-0.10918024
-0.11466199
-0.08013491
-0.19159183
0.11357512
-0.056878485
-0.07002132
0.045508273
-0.008449808
0.10043381
0.07090465
0.02743607
-0.11524239
0.05776358
0.1265426
0.15754029
-0.2086025
0.214947
0.20515391
0.25378695
0.3637375
0.044702016
0.25546268
0.35810906
0.14947857
0.20022103
-0.16069996
0.06868148
0.0101691745
0.12920788
0.09674306
-0.3921357
-0.20404436
-0.06835468
-0.319913
-0.18093656
-0.36335695
0.60825515
0.55744696
0.5300529
0.55234045
0.6031957
0.5458841
0.3556063
0.53273594
0.40585333
0.5284415
0.35336486
0.44388774
0.37639916
0.45333627
0.27012306
0.3526846
0.20488405
0.5108152
0.422595
0.5067667
0.42209092
0.27695113
0.47541294
0.3673288
0.43267426
0.274661
0.50615567
0.41410673
0.33301035
0.11966184
0.18936555
0.6691144
0.6176859
0.36056057
0.15568589
0.2139512
0.38783982
0.6223447
0.36366293
0.00526304
0.2448457
0.1329734
0.33322692
0.14792867
-0.21373852
-0.23803373
-0.06054628
-0.1814719
-0.23101316
-0.5898513
-0.19443657
0.054337516
-0.12826401
-0.32633832
-0.4544566
-0.10224916
-0.14808796
-0.22312047
-0.15109971
-0.3268053
0.07558051
0.08284129
-0.11187861
-0.23019464
-0.37371942
0.06666332
-0.10626903
-0.20060615
-0.35135257
-0.4510345
0.030914992
-0.16202292
-0.31590244
-0.2676905
-0.5476201
0.22112986
0.76889074
1.2074783
1.1497929
0.49647498
0.50717545
1.0159601
1.2739906
1.0128657
0.56938714
0.33427715
0.7177008
1.0705705
1.09761
0.2280633
0.27017885
0.3325049
0.59294206
0.49912137
-0.15240587
-0.22222877
0.07046354
0.10032244
-0.048641097
-0.5551718
0.43318367
0.3521259
0.4653263
0.42731205
0.46117702
0.60342723
0.2701093
0.53845054
0.27632582
0.36589575
0.48829353
0.19777027
0.47804105
0.50083476
0.45168826
0.42344502
0.2845261
0.52936405
0.4888654
0.5208568
0.57843715
0.43512097
0.5316529
0.37701747
0.5942826
