10
14
3
3
-0.0412764
0.35245082
-0.21793507
-0.046751287
0.14046155
0.2409757
-0.17875597
-0.052920554
0.043287512
0.21938884
0.23211259
0.14005718
-0.2259179
0.04831045
0.21643141
-0.24247085
-0.47051126
-0.18760556
-0.3122921
-0.21637258
-0.09444653
-0.14111203
0.21731484
-0.010751607
0.1490905
0.24201329
-0.06056668
-0.06281911
-0.27370495
-0.06823693
-0.06486251
0.061069917
-0.015601133
0.025356313
-0.077947825
-0.1120308
-0.15012343
-0.06348756
0.06764583
-0.00015806594
-0.053319026
-0.07546582
-0.1229692
-0.24238412
-0.035583317
-0.3727453
-0.014323641
0.14820807
0.17524862
0.35146812
-0.0979261
-0.15693186
0.102269456
-0.14847952
0.02505574
0.17610468
0.2141124
0.1453365
0.02015157
-0.23772135
0.256026
-0.13031815
-0.26457536
-0.23281029
0.0621243
-0.112589315
-0.0073271436
0.34719238
-0.043002717
-0.01715582
-0.26672015
-0.19871767
-0.1404546
0.2683258
0.15050775
-0.12018413
-0.31330407
-0.23172367
-0.055520397
0.007208364
-0.05010049
0.060975675
0.23673648
0.15473635
-0.28238732
-0.099152826
0.29693794
-0.09982163
-0.3101965
0.056354452
-0.21264398
-0.023480702
-0.10238503
0.021060647
0.042913504
-0.07958649
-0.11341728
-0.11653133
-0.081357114
-0.04075164
0.041796025
-0.17511244
-0.18751125
0.15411445
0.17018789
-0.030325165
0.15090245
0.13495457
-0.114953816
0.33392537
0.15254614
-0.03755218
-0.34103522
-0.1064776
-0.07757941
0.17470014
0.16247967
-0.047058508
-0.006954326
0.21514067
-0.08558234
0.075161435
0.14830641
0.22377878
0.16856182
0.050412506
-0.01741036
0.35961783
-0.3932056
0.016156064
-0.08109384
-0.0072638635
0.074098125
-0.106290676
-0.41991583
0.11835876
0.38433248
0.024894727
-0.3085755
-0.33038744
-0.0377128
0.076888576
-0.5103053
-0.3723719
-0.4034251
-0.2443993
-0.05740872
-0.11156109
0.6640888
0.023050074
-0.024518486
0.011412963
-0.089413814
0.14503814
-0.085554525
0.16592406
0.0020410705
0.21173431
0.08107561
-0.003992063
0.2465261
0.20317648
0.063272595
0.437072
-0.010005788
0.011831767
0.17850316
-0.1802798
0.090342075
-0.058490653
0.309296
-0.5301447
0.093212135
-0.13858655
0.13500299
0.38411874
-0.40881407
-0.02291586
-0.09511026
-0.3345182
-0.033567365
0.40145484
-0.01539855
0.0027333156
-0.18355443
-0.7071277
0.044268843
-0.243715
-0.47108278
-0.57803756
0.36983824
-0.02685442
0.114311464
0.31657642
0.00463571
0.05349512
-0.14921752
-0.21131298
-0.021888597
0.24442971
-0.41525564
0.073974706
-0.56096166
-0.53283906
0.27175
0.07425373
-0.08718274
-0.18464312
0.27338615
-0.038203914
-0.50661874
-0.20999137
-0.17440873
-0.11392053
-0.36100337
-0.21645823
0.01958551
0.3015448
0.16871154
0.13488464
0.18503816
-0.14394905
0.08426737
-0.020281754
0.2936223
-0.23062634
0.058131766
-0.52020967
-0.28748068
0.18218027
0.06087576
-0.109584555
-0.106532395
-0.09333972
0.036284596
0.016946709
-0.32551274
-0.03226478
-0.38424343
-0.8561062
0.28703398
0.41291833
-0.28672013
-0.09683137
-0.12191392
-0.2574791
0.024508214
-0.10226684
-0.16869175
-0.15148577
-0.010061733
-0.11065876
0.40733305
0.11336665
-0.6194955
0.39908373
0.37704942
-0.2471583
0.30247244
-0.21156672
-0.026698427
0.40349042
0.27848586
-0.1824201
-0.010847554
-0.044688057
0.10563225
-0.3478353
-0.2569553
-0.21280795
-0.5502188
0.072634704
0.07643515
-0.24853788
0.5343457
0.010988045
-0.07154791
0.25048202
0.04200657
0.06319174
0.08636705
0.23317286
0.04977688
0.084019065
0.12211916
0.16867647
0.28036895
0.10680012
-0.15633954
0.3723405
0.15086225
0.15835302
0.16736548
0.22196454
0.19504112
0.05212241
0.2614329
-0.37927446
-0.084439136
0.0022630147
0.2793635
0.14625055
-0.3829081
0.066723585
-0.016437212
-0.3156322
-0.25285932
0.26375413
-0.115340225
-0.045607474
-0.0035526976
-0.42977983
-0.13498802
-0.28297743
-0.63208944
-0.4118405
0.14397961
0.17757249
-0.15517117
0.44144067
0.13497262
-0.0025243198
0.07556596
0.24231537
0.44671696
0.14422214
-0.07597951
0.32213685
-0.50379896
-0.037885405
0.2702788
-0.45850265
0.04615711
-0.03946717
0.37637523
-0.5163335
-0.3540558
0.15357545
-0.018540611
-0.59808004
-0.2537755
-0.0932077
-0.0028646484
0.15136659
0.2990439
0.23987515
0.15268542
0.090814
0.12036477
0.17090876
0.36294323
0.19093648
-0.01814922
-0.58828527
0.031618286
0.076877974
-0.30202973
0.0074958266
0.09155155
-0.058138546
0.4411014
0.0035231323
-0.13060842
0.09546084
-0.29386213
-0.19076939
0.45012316
-0.09749259
-0.14285307
-0.30720535
-0.11561785
-0.37514362
-0.1790604
-0.26764405
-0.17123127
-0.2971953
-0.1507025
-0.17885998
0.6157883
0.11557032
-0.6764351
0.7217057
0.4330326
-0.30171445
0.38332775
0.29406032
-0.120462
0.41412228
0.14822076
-0.5122161
0.55189997
0.31363028
0.046113685
0.14969653
-0.12434402
0.041103043
-0.31687713
0.0753581
-0.049869973
-0.49717757
0.31885943
0.29205552
0.08817549
0.67425585
0.10997706
0.45888716
0.33741787
0.41931072
-0.015123091
0.008845862
0.08044008
0.40634146
0.6907201
0.21437989
-0.008114012
0.42565748
0.39379397
0.36204913
0.50552136
0.08104666
0.4532371
0.45774767
0.42198235
-0.512406
-0.11021772
0.022301493
-0.22660808
0.3624547
-0.11169974
0.41629502
0.11236931
-0.37549612
-0.08794582
0.305301
-0.030313885
0.19194749
0.45102197
0.18389751
0.11180957
-0.3406553
-0.4590219
-0.23377985
0.33894375
0.43261358
-0.28247017
0.5815785
0.1308709
0.07110512
0.5453536
0.23334388
0.5592868
0.64541733
-0.199579
0.5082566
0.28878313
0.062682636
0.6205245
-0.2314009
-0.022592286
0.1071468
0.28047326
-0.4683788
-0.0203583
0.37575206
-0.34006825
-0.3179841
-0.06487344
-0.0802494
-0.12187103
0.47945315
0.43150184
0.21441978
0.41418722
0.09389853
0.46936506
0.43147665
0.25596762
0.1464129
-0.22837117
-0.26771402
0.0509905
-0.22171997
-0.6949808
-0.027795164
0.1945497
0.003924824
0.84030205
0.36897624
-0.31196472
0.5548477
0.29059452
0.07762432
0.40698472
-0.14658776
-0.25145274
-0.5750911
-0.27198303
-0.21999748
-0.5637714
-0.34879133
-0.35933295
-0.4130102
-0.106024735
-0.37787026
-0.3330284
0.038321976
-0.2823695
-0.22604759
0.39347333
0.18417194
-0.41045213
-0.12308657
-0.008195091
-0.030358132
0.3034544
-0.21278255
-0.06532032
0.33905995
0.26640522
-0.45724618
-0.23886447
0.15134038
-0.21267945
-0.20115189
-0.04466807
-0.16953453
0.13451761
-0.04775722
0.48610067
0.1674912
-0.17269461
0.087602206
-0.30793115
-0.17615782
-0.27255964
-0.07913148
-0.13580966
-0.06646909
0.18972933
-0.12609531
-0.20418105
0.060463503
-0.22613937
-0.024819855
0.116319455
-0.20192866
-0.2540166
-0.23513247
-0.15059566
-0.4778377
0.12396696
0.28296593
-0.08408424
0.18687709
-0.037986495
0.13757093
0.011946156
0.041428927
0.13063875
0.30435508
0.11104147
0.1205335
0.349314
-0.117923
-0.09541884
-0.3282465
-0.45128843
-0.22172017
0.26226786
0.020835625
-0.11046592
0.18024355
-0.08963414
0.11919703
-0.12568238
0.015589666
0.023078656
0.41382474
-0.053444985
-0.24191792
-0.32760903
0.17678566
-0.12206197
-0.5498639
0.082605176
0.20440522
0.45942503
-0.008595492
-0.1810168
0.12793992
0.16612689
-0.40106496
0.06807985
0.21268478
-0.27007747
0.022121036
-0.12855808
0.10745266
-0.14042622
-0.40083638
-0.010065415
-0.14473374
0.0031198843
0.23641285
-0.057582263
-0.18160358
-0.0382276
0.085005745
0.041760683
-0.069906436
0.06445298
0.2750086
-0.15519951
0.18050791
0.17342217
-0.26714867
-0.2403976
0.16956201
-0.13770294
-0.19377051
0.25286102
0.090309896
0.029601322
0.27343994
0.11316271
0.1067098
0.19014555
0.18964879
0.2324353
0.11052684
-0.36441323
0.007502674
0.19686022
-0.13099524
0.066370204
0.37096342
-0.13073492
-0.22744504
0.10821071
-0.24759664
0.3610838
0.1285023
-0.2173452
0.093523875
0.29838797
0.07247581
0.058974702
0.19476901
0.476121
-0.33177322
-0.27656934
-0.016659783
-0.21307817
-0.105788276
0.17309089
0.39413944
-0.156388
-0.048554536
-0.36094248
-0.12011271
-0.18100822
-0.4936706
-0.14883986
-0.27090466
0.016124014
-0.02647075
-0.2795603
-0.11617205
-0.25530678
-0.24784476
0.1080959
-0.19079427
-0.01195084
-0.33718863
-0.34667072
-0.35266656
-0.16782866
0.3195357
-0.29319146
0.47055042
0.19766334
0.021257017
0.3018619
0.08310447
-0.03897842
0.12919764
0.4134321
0.07338295
0.3896061
0.39332289
0.31066313
0.15390368
0.055275176
-0.15720859
-0.33125198
-0.013174081
-0.24266039
0.048466485
-0.26166722
0.19235057
0.1561805
-0.29699165
-0.21017453
0.594173
0.46978226
-0.12185927
0.31945774
0.0651041
-0.39426413
0.05437037
0.111679934
0.14173518
0.33015606
0.57765
-0.095383294
0.3436676
0.2803457
0.102851205
0.12060358
0.22555076
-0.12879145
-0.24989884
0.041804958
-0.22763401
-0.050562713
-0.046015006
-0.010303889
-0.20405044
-0.34805647
-0.22716828
0.23131472
0.22066005
0.059762523
0.26564357
0.010991918
-0.031116983
0.21417478
0.2745948
-0.1342978
0.4376772
0.38212046
-0.19862008
-0.010890571
0.113958284
-0.29976928
-0.106547415
0.32449326
0.49900013
0.2158905
0.34497923
0.51547736
0.3964635
0.3100498
0.3588541
0.26019484
0.4162141
0.011392549
0.18548991
0.09464063
-0.17254153
0.23684554
0.34527656
-0.10620351
-0.05265597
0.15182914
0.22857651
0.43686014
-0.056499053
-0.31016546
0.060775384
0.30832094
-0.21065003
-0.28804094
0.0019935344
-0.28366333
-0.089289345
0.043376427
0.030926272
0.252976
0.018740654
0.080137014
0.17812854
0.09264418
-0.058510248
-0.21917851
0.04299715
-0.22525202
-0.07043056
0.002166669
-0.07078285
0.071256764
-0.2270652
-0.14035712
0.098262444
0.038911965
0.015360686
-0.04255869
-0.14891277
0.019826379
-0.0025283506
0.012733734
-0.2514036
0.20525344
-0.062176038
0.2427545
0.35859892
0.0027366045
-0.03908221
0.08518161
0.0001566189
-0.0056322697
0.46879476
0.34675902
0.026619604
0.0926612
-0.056549054
-0.012225346
-0.024867512
-0.34087422
-0.4121093
0.14986391
-0.020925486
0.14654158
0.45468658
-0.0274931
0.025602946
-0.17389388
0.038767304
0.18551421
0.42625523
0.22463837
-0.034574743
-0.44971964
0.064253494
0.014253146
-0.027728826
0.25054765
-0.061749246
0.5268002
0.10433534
-0.3160736
0.18505068
0.04110885
-0.15921742
-0.23892695
-0.07781782
-0.06586111
0.1426721
0.09070012
-0.030351868
-0.053764638
-0.19763286
-0.26169208
0.079882115
-0.09193471
0.12170587
0.18810686
-0.43809128
0.03403744
0.43163973
0.06446273
-0.026999524
0.076544106
0.024296397
0.08643278
0.28145906
0.18093114
-0.09334777
-0.39881885
0.15592313
0.13274348
0.11324835
0.23735182
0.07973916
-0.09988042
0.17831343
0.0019440192
0.0030400895
-0.014682344
0.14589737
-0.05224485
0.17916358
0.31643248
0.27388582
-0.5241082
0.1874354
0.32024252
-0.15964232
0.2595006
-0.13596837
-0.13898794
0.31685784
0.20920394
-0.44048178
0.06000611
0.08636947
-0.023282245
-0.1274003
-0.4664099
-0.14170797
-0.38971296
-0.111786604
0.07131704
-0.26355997
0.36938295
0.12317971
-0.13146247
0.36397374
-0.120800726
0.18737018
-0.035340898
0.010374143
0.008891207
0.13253075
0.091309644
0.317957
0.21077575
0.22652756
-0.0077942256
0.3386596
0.25792018
0.24313362
0.25970694
0.20486952
0.01638142
0.040973257
0.102699414
-0.45205516
0.0667562
0.10290289
0.09688425
0.32487863
-0.17490783
0.014709239
0.05100568
-0.2373846
-0.10330691
0.2950696
0.048836667
0.016745972
-0.005211919
-0.19094193
0.07313626
-0.37724948
-0.5799664
-0.6391483
0.18163829
0.13654684
-0.15710227
0.56159616
0.19918896
0.023281831
-0.040955786
0.1492031
0.38350034
0.17429714
-0.24013214
0.03890521
-0.35969108
-0.07941658
0.30971748
-0.20014267
-0.17123593
-0.08732647
0.07136236
-0.3402197
-0.25004628
0.13975024
-0.14369152
-0.23649998
-0.36652893
-0.12662262
0.03375605
0.29031768
0.32391012
0.1922911
0.2289478
-0.10311011
0.21529108
0.052795734
0.36985955
0.18955085
-0.007276573
-0.4269661
-0.10644469
-0.011074371
-0.25777462
-0.11138841
0.102011316
0.01643674
0.41191176
0.2378851
-0.28647724
0.20149052
-0.2033428
-0.1493572
0.26525843
-0.06178375
-0.2756571
-0.32614443
-0.29691347
-0.38919798
-0.3191148
-0.15178971
-0.15070274
-0.0036688421
-0.047943614
-0.18950306
-0.22315055
-0.039697997
-0.5270826
-0.081229016
0.39487472
0.19250315
-0.21441959
-0.021798205
0.057455823
-0.023793392
0.36367583
-0.37577882
-0.10934329
0.43582803
0.19363084
-0.28949502
-0.2638779
0.18696806
-0.023973878
-0.33408642
-0.11477371
-0.3529967
0.18738365
-0.011885572
0.17580962
0.30694762
-0.07033981
0.1726357
-0.008976187
0.0574313
-0.15972497
-0.18289815
-0.06577203
0.21517444
0.3804785
-0.037159905
-0.34184253
0.08092153
0.12903316
-0.023866732
0.1224114
-0.29600826
0.10671657
-0.034378074
-0.1341549
-0.38187018
-0.111009546
0.22517112
0.003450583
0.3809795
-0.1195879
0.2767824
0.3335779
-0.17331904
-0.15031143
0.28057534
0.05832326
0.17340015
0.38148242
-0.0012205921
-0.18056005
-0.36795735
-0.5839681
-0.4226587
0.07491213
-0.057389405
-0.1716349
0.25339854
-0.24517673
0.30023146
0.16027619
-0.2211501
0.07427281
0.40817645
-0.011558103
-0.09101124
0.13318768
0.14566746
-0.038974248
-0.56012446
0.01410692
0.19614324
0.46506903
0.029661786
-0.018711746
0.35291055
0.004477678
-0.34174666
-0.0039844364
0.10242958
-0.31642264
0.055578247
0.034585696
-0.15227062
0.0041872053
-0.09928047
-0.020748822
0.03911093
-0.23552532
0.1975077
0.056717042
-0.069171906
0.051055785
0.10186847
-0.47134444
-0.10709763
0.37397355
0.15131591
0.08484968
0.4426289
0.07703822
-0.23615955
-0.090379015
0.17434813
-0.12498908
-0.5534207
-0.15934591
0.1787284
0.13405785
0.015200734
-0.020426445
-0.1010677
0.026295885
0.07380958
0.05509563
-0.057724804
0.40495256
0.17677127
-0.70592356
0.21357545
0.12675327
-0.3661515
0.27730152
0.09397185
-0.39343378
0.2980499
0.21739396
-0.32639158
0.39255172
-0.1323813
-0.23384245
0.34250462
-0.2258997
-0.34006637
-0.010298909
-0.22640951
0.08487523
-0.5828826
0.13339955
0.4242675
-0.37781882
0.7521364
0.17464629
0.58957905
0.36700934
0.25578395
0.1681793
0.11585701
0.34094995
0.3420876
0.4733823
0.34770128
0.1159118
0.41669703
0.6439392
0.21349938
0.5441979
0.3925971
0.38270542
0.2278738
0.2893173
-0.51563406
-0.5092582
-0.33864537
-0.3424738
0.3882591
-0.28805137
0.11862305
0.13876365
-0.19892114
-0.26172552
0.13376136
-0.010502546
0.0032265645
0.12801081
-0.119582735
0.014541552
-0.20350914
-0.5624206
-0.64581764
0.18719965
0.3393421
-0.53430194
0.3882261
0.18846637
-0.065441616
0.49420646
0.19943975
0.052200485
0.513571
-0.5026925
0.1666502
0.04147628
-0.5436389
0.42408165
-0.052456807
-0.8862257
0.098892264
0.07340933
-0.19678813
-0.14995746
0.05898731
-0.16547102
-0.21022807
-0.24053685
-0.4757602
0.0059568263
0.43651906
0.6578614
0.15083586
0.38126874
0.39901203
0.3895357
0.44620284
0.36275953
-0.16912192
0.04908394
-0.49811503
-0.22699665
0.032920897
-0.42578477
-0.18181728
0.2371167
-0.19154793
0.39393133
0.1196845
-0.49391317
0.42761827
0.16729541
-0.7397984
0.51236093
0.21343851
-0.966779
-0.3154819
-0.51454365
-0.62141645
-0.36449736
-0.56630987
-0.3167441
-0.33243474
-0.3119606
-0.5551931
