60
0.18998621
0.6588611
0.1251644
-0.0035257232
-0.5291508
-0.2988378
-0.093849815
-0.046115637
-0.080277175
-0.23869792
-0.54217243
-0.017033985
-0.23295444
-0.07060297
0.4914998
0.26073027
-0.29163238
0.50136673
0.14024924
-0.03001
0.5517976
0.885363
-0.036327805
-0.0043675397
1.5359968
0.24514322
-0.30061653
0.43230823
0.5636941
-0.0103982
0.639927
-0.24941993
-0.04621426
0.11159085
0.15235765
-0.10882368
-0.31022435
-0.360769
-0.006713941
-0.100922905
0.69654
0.039952938
-0.5049238
0.10765708
-0.047401197
-0.022137256
-0.10498729
0.2825777
0.56719285
-0.23618336
-0.009836411
-0.48176265
0.46378562
0.088889055
-0.47811252
-0.2954084
-0.10398144
-0.035652027
0.66655964
-0.022360107
