60
16
-0.0039336113
0.0015682341
0.010410012
-0.0025954132
0.0006359131
-0.00039982933
0.0049665105
0.0012909172
-0.00062302663
0.0039381376
0.0008364599
-0.0014156245
-0.001627599
-0.0009169361
3.109147e-05
0.00055180653
0.06898164
0.0981623
-0.03694815
-0.021050492
-0.007971691
-0.014728037
-0.019034704
-0.029840002
-0.04006979
0.013568554
0.014911509
0.0049085882
0.021854663
0.0016467795
-0.0076298947
0.021929529
-0.00026682383
-8.493591e-05
0.00033553125
-0.0011716651
-9.434279e-05
-6.688418e-05
0.0005855031
0.0001702885
0.0024811563
0.00067439914
-0.00014352339
-0.0006947672
0.00040942038
-0.00013618844
0.00018712031
-0.0013293993
-2.1206415e-05
2.1047244e-05
-7.9140894e-22
3.9265207e-05
1.5711316e-10
4.7919435e-22
-4.838804e-07
-1.336272e-09
-2.0071184e-05
-1.9979225e-30
1.7211248e-07
1.0072632e-08
4.0460495e-06
-2.9010232e-06
8.999978e-15
-1.00796875e-07
-2.2695606e-33
-2.2956955e-33
1.0664422e-33
2.3615777e-33
-2.4618297e-33
2.097344e-33
-2.4424098e-33
2.5276097e-33
2.0995738e-33
4.3428657e-33
2.6557755e-33
-2.0843078e-33
-2.3913304e-33
-2.1066187e-33
-2.2380852e-33
2.2376181e-33
-0.011721578
-0.006042514
-0.002762732
0.004524396
0.046693854
0.005996033
0.015097628
-0.0057109026
0.0039027985
-0.014140343
-0.0067531615
0.012217235
0.0029397549
0.022012498
-0.00052365573
-0.0039640386
-2.1620868e-33
-1.826528e-33
-3.4496436e-33
2.296697e-33
-2.30212e-33
2.2201644e-34
1.870728e-33
1.5088394e-33
1.9842864e-33
8.466174e-34
1.6577901e-33
2.176925e-33
-2.1124723e-33
-2.193e-33
-3.5673116e-33
-1.814265e-33
-0.028959021
-0.03442394
-0.03800217
0.029987631
0.07462086
-0.003138712
-0.02204835
0.0090133725
-0.0433207
-0.041124962
0.03954694
0.093878545
0.007718494
-0.030588629
0.03535619
-0.037539985
-1.9553004e-33
1.9062094e-33
-1.8887516e-33
-2.2576783e-33
-1.873555e-33
2.8857073e-33
1.7298233e-33
-2.2557022e-33
1.9837172e-33
1.4593745e-33
2.2529925e-33
2.1538118e-33
-1.4015935e-33
1.9403823e-33
-1.30742835e-33
-2.0657607e-33
1.6797954e-33
1.6228061e-33
2.1429354e-33
2.0072123e-33
2.105734e-33
-7.950807e-34
2.1167617e-33
-2.0655052e-33
2.068408e-33
-2.3428905e-33
1.918178e-33
2.0862854e-33
-2.2675876e-33
2.0904514e-33
1.8042395e-33
-2.085009e-33
1.9255751e-33
2.1217879e-33
4.3338603e-34
2.0111053e-33
2.0368751e-33
2.0217774e-33
2.31766e-33
-1.5171022e-33
2.0562094e-33
-2.3585618e-33
2.233302e-33
2.0114997e-33
2.0588627e-33
-2.1968017e-33
-2.0937162e-33
-2.0710818e-33
-1.8585985e-33
-1.8965172e-33
-2.7438908e-34
4.416649e-33
-2.0393178e-33
2.0673998e-33
2.2195723e-33
2.7256492e-33
-2.3298537e-33
5.4810374e-35
2.4913378e-33
-2.3779448e-33
2.4488113e-33
2.6590725e-33
-2.0741813e-33
2.2690808e-33
-0.018413275
0.00481162
-0.0066021397
-0.0003230368
-0.035356194
-0.0067355344
0.123273
0.0010990656
0.00310848
-0.015288049
-0.006564853
-0.040205713
-0.0076439236
0.09329504
-0.008043976
-0.041792754
-1.0176152e-33
-1.896471e-34
-1.7726084e-33
1.7973768e-33
-1.5417766e-33
1.6652692e-33
1.7916666e-33
1.6068765e-33
2.0008032e-33
2.5910032e-33
1.7382896e-33
1.9340982e-33
-1.8040236e-33
1.870024e-33
-3.425095e-33
1.8425384e-33
0.0028387047
0.0009596025
0.0005826984
0.0026331106
-0.0051384377
-0.000110849905
-0.00048313526
0.00028580273
0.00045427307
-0.001372612
-0.003452959
-0.0018525264
0.0026695705
0.0017422654
-0.0029486562
-0.002408719
-0.006353207
0.008528762
-0.0036487617
-0.0022892507
0.0022171934
-0.0019088314
-0.0042023705
-0.007891178
3.0268114e-07
-0.0058987937
-0.0064297193
0.013610532
-0.0040675607
-0.011586054
0.02135509
0.0045419703
2.2982037e-33
-2.2327248e-33
-7.053314e-34
2.330519e-33
-2.2492684e-33
-2.126502e-33
2.1335944e-33
-4.5332402e-34
2.2937036e-33
-2.029357e-33
2.5100344e-33
2.3590987e-33
2.2568933e-33
2.2255456e-33
-2.165912e-33
-2.1732848e-33
-0.0018688659
0.0018903639
0.00020862925
3.687484e-07
4.8752932e-05
1.1364561e-06
-4.924286e-05
-4.2795415e-05
-0.0003215455
8.584522e-05
0.00013853592
-0.0041915243
0.0008890839
0.0030336608
-5.90404e-06
-0.00079262146
0.0003114119
-0.00020714989
-5.4446657e-05
-0.0033652142
-0.0004453831
0.0005006621
-0.00015613849
0.0003164756
0.0031753809
0.00019922812
-0.00047102483
0.0010694509
-0.0013429926
0.0011829264
0.0026092192
0.00012001931
-2.208373e-33
-2.4383628e-33
-2.0799792e-33
2.7334767e-33
2.6510869e-33
-2.2032287e-33
3.0993617e-33
2.5513297e-33
-2.3119263e-33
2.3294382e-33
2.4616185e-33
-2.3903689e-33
2.9232554e-33
-2.5985195e-33
-2.2049912e-33
2.6362953e-33
0.1272877
-0.17495319
0.046548806
0.026188286
0.028463848
0.02364017
0.032781314
0.06975018
0.01540595
-0.030291114
-0.024150426
-0.017118292
-0.012571521
-0.0139411725
-0.07916184
-0.01442762
-0.034223266
-0.00986627
0.11109114
-0.025586812
-0.003022587
0.012169803
-0.003593871
-0.038462576
-0.036084995
0.14052254
-0.040455274
-0.0003006217
0.010002695
-0.01132446
-0.042046517
-0.0376081
-1.0830494e-33
1.748933e-33
-1.9198163e-33
1.7247332e-33
-1.6264184e-33
-3.1608782e-33
-2.0313931e-33
-4.7459717e-34
2.3403993e-33
1.880919e-33
1.8721845e-33
-2.1308711e-33
1.3256742e-33
-2.1955083e-33
-1.214549e-33
-1.7561408e-33
2.3824756e-33
2.2976367e-33
2.5066748e-33
-2.6777258e-33
2.2031176e-33
-2.873008e-33
2.5020304e-33
1.3252949e-33
2.7169374e-33
-1.635023e-33
2.8269993e-33
2.7704424e-33
2.540294e-33
-2.525597e-33
3.2949243e-33
-2.2095993e-33
-0.019112863
-0.023912022
0.031712554
-0.017645642
-0.027457872
-0.028786633
-0.006980446
0.048436992
0.02418363
0.06233591
-0.019254655
-0.033644296
-0.032546774
-0.010469279
0.056240276
-0.027213017
0.0009389951
-0.0014098441
-5.1008825e-05
-0.0021658929
-0.0052313516
-0.00021148089
-0.010836179
0.0032198275
0.0008642581
0.008355191
0.0031299659
-0.002181349
0.0020255838
-0.0030770204
-0.0009381604
0.0037343702
-2.4000663e-33
-2.1812383e-33
2.726449e-34
2.2757578e-33
-1.8283542e-33
1.7550237e-33
-3.2757633e-33
1.9941926e-33
2.2455206e-33
2.472377e-33
-2.4224709e-33
2.1882125e-33
-2.2261962e-33
2.3228678e-33
-2.158995e-33
-2.4709652e-33
-0.02089432
-0.027161267
-0.02160345
-0.018523725
-0.012485797
-0.03840629
-0.014347818
-0.03368878
0.12020844
-0.01317421
-0.03590561
-0.0042538387
-0.024906673
-0.011998741
-0.013473902
0.15352648
-0.02228522
-0.010333512
-0.025075993
-0.022584219
-0.027447974
-0.007894532
-0.0008150979
-0.002863001
0.04798907
0.008690258
-0.04734273
0.03303495
0.03631418
-0.006074823
0.026142048
0.04156127
-2.3870031e-33
-2.4699153e-33
1.7499092e-33
2.2689353e-33
-2.2437801e-33
2.352581e-33
-2.3524823e-33
4.6580387e-34
2.4364747e-33
1.7716285e-33
-2.4271049e-33
-2.1728284e-33
2.855922e-33
-2.1647948e-33
-3.0401618e-34
2.5357685e-33
0.071845256
0.08457946
-0.017115772
-0.006235853
-0.010413919
-0.015434858
0.0038626196
-0.020934105
0.0030919802
-0.013012426
-0.0050341575
-0.012876289
-0.0099956505
-0.0051284484
-0.029670632
-0.014731397
-0.0042143585
-0.004846706
-0.01957921
-0.019461663
-0.006915735
0.09803938
-0.028065732
-0.020638492
0.009006073
-0.026796201
-0.0041228333
-0.013054067
0.10563483
-0.005426922
-0.019928668
-0.050448824
-4.400347e-34
2.307843e-33
1.4107298e-33
2.0284972e-33
-2.7751815e-34
1.8360055e-33
-1.6810179e-33
-1.8553086e-33
2.0630009e-33
-1.6894818e-33
-2.0199908e-33
2.1455558e-33
1.8073521e-33
2.0977545e-33
2.011275e-33
2.1488485e-33
-0.015937148
0.0023331726
-0.00077041256
-0.018558778
-0.012536191
-0.003227014
0.007499801
-0.007542529
0.09810405
-0.012112425
-0.008492643
0.0055722995
0.011839103
-0.010622424
-0.008808721
0.015844984
-0.015906632
-0.020195134
0.023293402
0.091285445
-0.041036487
-0.023144165
-0.012413357
-0.008849015
0.027548468
0.04040925
0.1281558
-0.033251163
-0.0765479
-0.014925732
-0.01794494
0.024451826
-0.013034599
0.001965794
-0.10590576
-0.0660715
-0.04597758
-0.066803634
-0.065100975
-0.09175147
-0.018930728
0.038536187
0.072650954
0.06025991
0.07740514
0.0819308
0.021993097
0.071467996
0.03902252
0.04290578
-0.03187349
-0.019783983
-0.019099507
0.08837287
-0.011738181
-0.05058749
0.037597757
-0.024549773
-0.00902446
-0.0353545
0.054922894
-0.018025767
-0.034368884
0.02166887
-0.016148627
-0.017290268
-0.030706754
0.1022518
-0.056899346
-0.009250135
0.015835647
0.015521435
0.047583383
0.009674537
0.09180346
-0.07293267
-0.034737475
-0.014083002
0.009101933
0.012373812
-1.5639482e-33
5.4733015e-33
1.8275587e-33
-4.143171e-33
4.823641e-33
2.8547233e-33
1.0548945e-33
1.402835e-33
-4.483212e-33
-2.4373758e-33
-4.3072934e-33
5.0599977e-33
-2.8765668e-10
-4.671015e-33
-6.5100755e-12
-1.138015e-07
5.766801e-34
-3.21718e-33
2.551917e-33
1.8987062e-33
7.955102e-34
-2.9646166e-33
-1.9670282e-33
-2.9612492e-33
-7.6443394e-34
2.532296e-33
1.9163585e-33
1.9230966e-33
-1.7281528e-33
1.850465e-33
2.9028965e-33
-2.0752372e-33
-0.023520583
-0.021715712
-0.0070259147
-0.006038626
-0.019602735
-0.017051853
-0.009474781
0.07075292
-0.031394172
-0.01669689
-0.016789895
-0.009917587
-0.0064075273
-0.005215822
0.0996818
-0.004907916
0.0004521749
0.001888781
0.0021328141
0.0030852745
0.00016034144
0.0025222474
-0.0016138512
-0.003940761
0.0030234123
0.0014305548
-0.0027778712
0.005262259
0.0022882489
0.003056297
0.0027276976
-0.0050214054
-0.028110972
-0.01667337
-0.03801762
0.009966976
0.07241302
-0.00025124403
0.06899246
-0.030884795
0.059211772
-0.014322067
0.003380672
0.041397747
-0.023683822
0.034555964
-0.029752491
-0.048960164
0.001456262
-0.0010417282
-9.294962e-05
0.0003760496
-0.00094091
0.00199733
-0.00053807825
0.0025344312
0.00069368223
0.0007783025
0.0005207079
-0.00091562275
-0.00027060602
-0.0005034798
-0.0007307712
-0.002758398
-2.2150066e-33
-2.1163812e-33
1.8447481e-33
2.2554511e-33
-2.3050807e-33
2.2132626e-33
2.1120368e-33
-1.3940307e-33
-2.3414767e-33
-2.1970573e-33
2.334489e-33
-2.2325301e-33
2.1628238e-33
2.022138e-33
1.1323857e-33
2.2915355e-33
9.1403766e-35
2.3580913e-33
1.9052207e-33
-3.098804e-33
-6.1681476e-34
-2.4445974e-33
-1.8185603e-33
2.2248137e-33
1.239588e-33
-1.5427002e-33
-1.7740364e-33
1.9075643e-33
1.8122448e-33
-1.6066567e-33
-2.9115772e-33
-1.5543841e-33
2.0561338e-33
1.949138e-33
3.1161654e-33
-1.992056e-33
2.0595851e-33
-2.2578684e-33
-2.0560337e-33
-1.9860163e-33
2.4465055e-33
2.2099138e-33
2.2637376e-33
2.2671798e-33
2.0810122e-33
2.0274625e-33
2.2514061e-33
2.1570604e-33
-0.0045230575
-0.05084528
0.09193842
0.050641075
0.06256127
0.055473033
0.06441954
0.04703389
0.065938845
-0.07333591
-0.06393268
-0.024359163
-0.044643875
-0.03528203
-0.0851732
-0.022617782
-0.0039203176
-0.00078302954
0.022564081
3.0499898e-05
-0.0024687392
-0.001004711
0.0072285463
-0.005097959
-0.007066578
0.014950198
-0.0070144823
-2.8330292e-05
-0.0052326373
-0.0025385874
-0.004841187
-0.0007588193
-1.9697636e-33
-1.9391072e-33
2.3866648e-33
2.0255426e-33
1.9520186e-33
2.0135858e-33
2.5655825e-33
-2.1024526e-33
1.989336e-33
-1.992169e-33
2.1279781e-33
2.3976747e-33
1.9689306e-33
2.2751996e-33
2.7339774e-33
-2.1026945e-33
-0.0018562664
-0.0049690213
-0.002343628
0.0029981032
-0.011894779
-0.0023045777
0.029224992
-0.004137085
-0.0057893964
-0.003455164
0.023644662
0.06573361
-0.012488353
0.059782773
-0.0164765
-0.006445031
2.8758337e-33
-2.729954e-33
1.181646e-34
2.4905346e-33
2.874741e-33
2.5282143e-33
2.3781505e-33
2.4617315e-33
2.667106e-33
-1.6472269e-35
2.1210609e-33
2.198109e-33
-2.7342634e-33
-2.5339535e-33
-2.620605e-33
2.6282867e-33
0.023882067
0.096639715
-0.02359159
0.01258984
-0.025265738
-0.0051141866
-0.02092116
0.004632247
0.028361915
-8.059216e-05
-0.020449232
-0.052391093
-0.03235367
0.016104337
0.058333557
-0.05700652
0.0009556672
-0.00073003076
0.00017508141
5.86235e-05
0.00020457005
-1.2801738e-07
-0.0013012746
-0.00014740344
2.0393452e-05
-0.00027930716
-1.042901e-05
8.0656355e-05
1.789655e-05
-1.8674767e-06
7.0396265e-05
0.00014626664
-0.0055025723
-0.016210508
-0.030198142
0.059776127
0.031770393
-0.0029228118
0.024602726
0.017393922
0.013997087
-0.010960466
0.021522434
0.00076177524
0.00062519824
0.0027520119
0.0020445732
-0.007771969
1.6540381e-33
-2.00034e-33
1.2543947e-34
-2.1262074e-33
2.0957865e-33
2.025384e-33
-2.3290163e-33
-1.1701585e-33
2.2866216e-33
-2.7857234e-33
2.1148552e-33
-2.262692e-33
1.3589646e-33
2.2743107e-33
3.1165834e-33
2.0176152e-33
-0.036261067
-0.030432487
-0.044048827
-0.05160971
-0.035473797
0.07844507
-0.014739445
0.09601216
0.02537946
-0.030897355
-0.0014131997
-0.03660766
0.052929014
-0.006312225
0.04362725
0.010303188
-2.0032898e-33
-2.2995575e-33
-2.7628285e-33
6.712224e-34
1.4966674e-33
1.6540543e-33
-2.1099077e-33
-3.7361885e-34
-2.0895645e-33
-2.3106125e-33
-2.3651507e-33
2.4452446e-33
-2.3063247e-33
-2.2555443e-33
3.7047883e-33
-2.4335732e-33
-0.0023951947
-0.011587094
-0.009039412
-0.020488992
0.069772795
0.003169109
-0.013027063
0.032883547
-0.039020263
-0.0040247403
7.874513e-05
0.02553982
0.0062264553
-0.018580895
0.005427587
-0.0037749228
-1.8572293e-33
2.1761943e-33
-3.1033962e-33
-1.189343e-33
-1.2924119e-33
-1.8678894e-33
-1.541041e-33
2.0775298e-33
1.8764093e-33
1.636969e-33
2.1346193e-33
-1.7397394e-33
-1.5986038e-33
1.808523e-33
-3.2442098e-33
-1.9294957e-33
